# 7 ft 15 s, wave 4.49 m, take-off (-140.4, 3.7), arrive 400.11 s
#  t-arrive  phase   x      z     stepMs  traceMs  sums  curves  live  waves | nearest station: phase rho tb until
    -5.98  paddle -140.4    3.7    17.2    10.1     20      0   218     9 | 0.01 1.000 null 6.84 (67.7 m)
    -5.48  paddle -140.6    3.8    11.1     9.3     20      0   240     9 | 0.01 1.000 null 6.58 (61.6 m)
    -4.98  paddle -141.2    4.0    11.1     9.5     20      0   260     9 | 0.03 1.000 null 6.08 (55.3 m)
    -4.48  paddle -141.8    4.2    10.7     9.1     20      0   279     9 | 0.04 1.000 null 5.58 (48.9 m)
    -3.98  paddle -142.4    4.4     8.3     6.9     20      0   300     9 | 0.06 1.000 null 5.10 (42.4 m)
    -3.48  paddle -143.0    4.7     5.1     4.2     20      0   326     9 | 0.08 1.000 null 4.59 (36.0 m)
    -2.98  paddle -143.6    4.9     7.1     5.2     20      0   357     9 | 0.11 1.000 null 4.05 (29.6 m)
    -2.48  paddle -144.2    5.2    34.8     7.9    210      1   389     9 | 0.14 1.000 null 3.58 (23.2 m)
    -1.98  paddle -144.8    5.4    45.5    11.0    620      3   436     9 | 0.17 1.000 null 3.08 (16.9 m)
    -1.48  paddle -145.2    5.6    25.3     7.4    620      3   507     9 | 0.20 1.000 null 2.57 (10.9 m)
    -0.98  paddle -145.1    5.6    50.1    18.0    620      3   604     9 | 0.24 1.000 null 2.07 (5.4 m)
    -0.48  ride   -141.4    4.0    39.2    10.1   1170      6   614     9 | 0.29 1.000 null 1.57 (4.0 m)
     0.02  ride   -137.3    0.7    66.8    16.6   1355      7   610     9 | 0.32 1.000 null 1.22 (3.7 m)
     0.52  ride   -133.4   -3.6    59.5    10.9   1355      7   603     9 | 0.34 1.000 null 1.02 (3.6 m)
     1.02  ride   -129.2   -8.2    47.1     7.2   1540      8   591     9 | 0.39 1.000 null 0.98 (3.8 m)
     1.52  ride   -125.1  -12.8    86.7    16.7   1350      7   578     9 | 0.40 1.000 null 1.09 (4.0 m)
     2.02  ride   -121.1  -17.4    65.1    14.7   1350      7   568     9 | 0.37 1.000 null 1.22 (4.0 m)
     2.52  ride   -117.1  -22.0    85.5    16.3   1355      7   557     9 | 0.33 1.000 null 1.35 (3.9 m)
     3.02  ride   -113.1  -26.7    87.5    15.6   1540      8   546     9 | 0.31 1.000 null 1.46 (3.7 m)
     3.52  ride   -108.9  -31.4    83.0    16.7   1355      7   533     9 | 0.29 1.000 null 1.59 (3.7 m)
# riding steps 270: step ms median 83.8 mean 82.9; trace ms median 15.9; sums/step mean 1411; curves/step mean 7.3 (at g = 1: 0.0); sums per curve 193
