# 7 ft 15 s, wave 4.49 m, take-off (-11.6, 42.3), arrive 398.43 s
#  t-arrive  phase   x      z     stepMs  traceMs  sums  curves  live  waves | nearest station: phase rho tb until
    -5.98  paddle  -11.6   42.3    19.7    10.6     20      0   253     9 | 0.01 1.000 null 6.84 (67.4 m)
    -5.48  paddle  -11.8   42.4    11.9    10.3     20      0   268     9 | 0.02 1.000 null 6.33 (61.4 m)
    -4.98  paddle  -12.2   42.5    12.1    10.5     20      0   287     9 | 0.03 1.000 null 5.82 (55.2 m)
    -4.48  paddle  -12.7   42.7    11.9    10.5     20      0   305     9 | 0.05 1.000 null 5.33 (48.9 m)
    -3.98  paddle  -13.2   43.0    13.8    11.6     20      0   333     9 | 0.07 1.000 null 4.82 (42.6 m)
    -3.48  paddle  -13.7   43.2    10.0     8.4     20      0   361     9 | 0.10 1.000 null 4.33 (36.3 m)
    -2.98  paddle  -14.2   43.4    12.4    10.9     20      0   391     9 | 0.12 1.000 null 3.83 (30.0 m)
    -2.48  paddle  -14.7   43.6    10.4     9.4     20      0   429     9 | 0.15 1.000 null 3.34 (23.8 m)
    -1.98  paddle  -15.1   43.8    16.7    13.8     20      0   475     9 | 0.19 1.000 null 2.86 (17.7 m)
    -1.48  paddle  -15.4   43.9    35.3    12.7    620      3   526     9 | 0.22 1.000 null 2.37 (11.8 m)
    -0.98  paddle  -15.3   43.9    70.7    26.6    630      3   621     9 | 0.26 1.000 null 1.89 (6.5 m)
    -0.48  popup   -14.2   43.4    49.9    20.6    630      3   657     9 | 0.31 1.000 null 1.39 (2.5 m)
     0.02  ride    -10.8   41.8    72.8    17.9   1160      6   656     9 | 0.35 1.000 null 0.91 (1.2 m)
     0.52  ride     -7.5   39.0   260.6    28.1   1355      7   649     9 | 0.40 1.000 null 0.53 (0.4 m)
     1.02  ride     -4.5   36.1    50.6    14.6    830      6   631     9 | 0.56 1.000 null 0.24 (0.5 m)
     1.52  ride     -1.5   33.2    66.7    20.0    970      7   617     9 | 0.83 1.000 0.59 0.00 (1.6 m)
     2.02  ride      1.3   30.6    60.2    18.2    840      6   607     9 | 0.97 1.000 0.87 0.00 (2.8 m)
     2.52  ride      3.9   28.1    58.8    15.5    840      6   588     9 | 1.00 1.000 1.26 0.00 (4.3 m)
     3.02  ride      6.4   25.7    72.0    19.3    970      7   557     9 | 1.00 1.000 1.68 0.00 (5.9 m)
     3.52  ride      8.7   23.4    65.7    17.1    965      7   503     9 | 1.06 1.000 2.12 0.00 (7.7 m)
# riding steps 247: step ms median 61.6 mean 61.7; trace ms median 17.9; sums/step mean 993; curves/step mean 6.5 (at g = 1: 4.9); sums per curve 152
