# 7 ft 15 s, wave 4.49 m, take-off (-11.6, 42.3), arrive 398.43 s
#  t-arrive  phase   x      z     stepMs  traceMs  sums  curves  live  waves
    -5.98  paddle  -11.6   42.3    41.2    21.2     20      0   253     9
    -5.48  paddle  -11.8   42.4    15.1    12.9     20      0   268     9
    -4.98  paddle  -12.2   42.5    13.9    12.2     20      0   287     9
    -4.48  paddle  -12.7   42.7    14.5    13.0     20      0   305     9
    -3.98  paddle  -13.2   43.0    13.6    11.4     20      0   333     9
    -3.48  paddle  -13.7   43.2    16.4    12.7     20      0   361     9
    -2.98  paddle  -14.2   43.4    14.5    12.9     20      0   391     9
    -2.48  paddle  -14.7   43.6    22.0    17.4     20      0   429     9
    -1.98  paddle  -15.1   43.8    18.9    15.2     20      0   475     9
    -1.48  paddle  -15.4   43.9    54.0    16.1    620      3   526     9
    -0.98  paddle  -15.3   43.9    79.4    26.9    630      3   621     9
    -0.48  popup   -14.2   43.4    60.5    20.6    630      3   657     9
     0.02  ride    -10.8   41.8    95.9    21.0   1160      6   656     9
     0.52  ride     -7.5   39.0    86.1    18.4   1355      7   649     9
     1.02  ride     -4.5   36.1    58.2    18.7    830      6   631     9
     1.52  ride     -1.5   33.2    66.6    19.2    970      7   617     9
     2.02  ride      1.3   30.6    62.3    20.0    840      6   607     9
     2.52  ride      3.9   28.1    58.9    18.8    840      6   588     9
     3.02  ride      6.4   25.7   410.4    66.9    970      7   557     9
     3.52  ride      8.7   23.4   113.3    24.1    965      7   503     9
     4.02  ride     10.9   21.2    71.6    18.7    965      7   458     9
     4.52  ride     13.0   19.1    67.2    18.1    830      6   412     9
     5.02  ride     14.8   17.0   112.7    20.2   1165      6   369     9
     5.52  ride     16.3   15.0    15.6    14.3     20      0   323     9
     6.02  ride     17.7   13.0    19.6    18.4     20      0   278     9
     6.52  ride     18.8   11.3    26.1    24.6     20      0   237     9
     7.02  ride     19.8    9.7    25.7    23.8     20      0   206     9
     7.52  ride     20.6    8.3    19.2    17.2     20      0   191     9
# riding steps 487: step ms median 65.8 mean 68.4; trace ms median 19.2; sums/step mean 669; curves/step mean 4.3 (at g = 1: 3.0); sums per curve 157
