# 7 ft 15 s, wave 4.49 m, take-off (-140.4, 3.7), arrive 400.11 s
#  t-arrive  phase   x      z     stepMs  traceMs  sums  curves  live  waves
    -5.98  paddle -140.4    3.7    23.9    12.1     20      0   218     9
    -5.48  paddle -140.6    3.8    14.8    12.4     20      0   240     9
    -4.98  paddle -141.2    4.0    14.0    11.7     20      0   260     9
    -4.48  paddle -141.8    4.2    13.4    11.4     20      0   279     9
    -3.98  paddle -142.4    4.4    17.5    14.1     20      0   300     9
    -3.48  paddle -143.0    4.7    14.5    12.1     20      0   326     9
    -2.98  paddle -143.6    4.9    14.0    12.8     20      0   357     9
    -2.48  paddle -144.2    5.2    93.5    16.3    210      1   389     9
    -1.98  paddle -144.8    5.4    79.5    17.8    620      3   436     9
    -1.48  paddle -145.2    5.6    79.4    23.4    620      3   507     9
    -0.98  paddle -145.1    5.6    45.0    16.1    620      3   604     9
    -0.48  ride   -141.4    4.0    84.4    15.7   1170      6   614     9
     0.02  ride   -137.3    0.7    72.6    15.5   1355      7   610     9
     0.52  ride   -133.4   -3.6    94.5    16.5   1355      7   603     9
     1.02  ride   -129.2   -8.2  1022.9    99.8   1540      8   591     9
     1.52  ride   -125.1  -12.8   324.1    47.2   1350      7   578     9
     2.02  ride   -121.1  -17.4   214.0    40.6   1350      7   568     9
     2.52  ride   -117.1  -22.0    98.3    19.5   1355      7   557     9
     3.02  ride   -113.1  -26.7   111.4    17.6   1540      8   546     9
     3.52  ride   -108.9  -31.4    92.8    15.7   1355      7   533     9
     4.02  ride   -104.6  -36.4    77.6    10.7   1540      8   518     9
     4.52  ride   -100.2  -41.5   451.9    55.5   1355      7   548     9
     5.02  ride    -95.7  -46.9    92.8    14.9   1540      8   529     9
     5.52  ride    -91.2  -52.5    93.5    15.6   1540      8   513     9
     6.02  ride    -86.6  -58.2   111.7    20.1   1355      7   495     9
     6.52  ride    -82.0  -64.1   119.6    17.0   1540      8   467     9
     7.02  ride    -77.5  -70.1   243.2    29.5   1355      7   453     9
     7.52  ride    -72.9  -76.2   428.8   128.4   1350      7   437     9
# riding steps 510: step ms median 116.4 mean 151.7; trace ms median 19.0; sums/step mean 1434; curves/step mean 7.4 (at g = 1: 0.0); sums per curve 193
