# womb-retune datum, 2026-10-09, coast-seeded reef field, smooth, refractFloorM; local = min(H·amp, 0.78·hmin)
from | band       ft  T  | tide  || peak: angle°  amp   hmin  local m  ft  || west edge (x −400): angle°  amp   hmin  local m  ft
202  | Flat-ish   1.5  9 | -0.50 ||        -32.5 0.603  4.80   0.39  1.0 ||                      -52.9 0.642 14.50   0.41  1.0
202  | Flat-ish   1.5  9 | -0.25 ||        -32.4 0.578  5.05   0.37  0.9 ||                      -53.1 0.650 14.75   0.42  1.0
202  | Flat-ish   1.5  9 |  0.00 ||        -32.3 0.564  5.30   0.36  0.9 ||                      -53.3 0.657 15.00   0.42  1.0
202  | Flat-ish   1.5  9 |  0.50 ||        -32.2 0.558  5.80   0.36  0.9 ||                      -53.7 0.671 15.50   0.43  1.1
202  | Small      2.5 11 | -0.50 ||        -30.7 0.626  4.81   0.72  1.7 ||                      -51.6 0.609 14.50   0.70  1.6
202  | Small      2.5 11 | -0.25 ||        -30.6 0.610  5.06   0.71  1.6 ||                      -51.8 0.615 14.75   0.71  1.6
202  | Small      2.5 11 |  0.00 ||        -30.5 0.600  5.31   0.69  1.6 ||                      -51.9 0.621 15.00   0.72  1.7
202  | Small      2.5 11 |  0.50 ||        -30.3 0.586  5.81   0.68  1.6 ||                      -52.3 0.634 15.50   0.73  1.7
202  | Fun        3.5 13 | -0.50 ||        -29.8 0.650  4.81   1.11  2.4 ||                      -50.9 0.602 14.50   1.03  2.3
202  | Fun        3.5 13 | -0.25 ||        -29.7 0.637  5.06   1.09  2.4 ||                      -51.0 0.605 14.75   1.03  2.3
202  | Fun        3.5 13 |  0.00 ||        -29.6 0.627  5.31   1.07  2.3 ||                      -51.2 0.607 15.00   1.03  2.3
202  | Fun        3.5 13 |  0.50 ||        -29.3 0.611  5.81   1.04  2.3 ||                      -51.6 0.614 15.50   1.05  2.3
202  | Solid      5.5 14 | -0.50 ||        -29.5 0.659  4.81   1.89  3.8 ||                      -50.6 0.602 14.50   1.72  3.5
202  | Solid      5.5 14 | -0.25 ||        -29.4 0.647  5.06   1.85  3.8 ||                      -50.8 0.604 14.75   1.73  3.5
202  | Solid      5.5 14 |  0.00 ||        -29.3 0.637  5.31   1.83  3.7 ||                      -51.0 0.605 15.00   1.73  3.6
202  | Solid      5.5 14 |  0.50 ||        -29.0 0.621  5.81   1.78  3.6 ||                      -51.3 0.611 15.50   1.75  3.6
202  | Pumping      7 15 | -0.50 ||        -29.3 0.667  4.81   2.52  4.9 ||                      -50.5 0.602 14.50   2.27  4.5
202  | Pumping      7 15 | -0.25 ||        -29.2 0.655  5.06   2.48  4.8 ||                      -50.6 0.603 14.75   2.28  4.5
202  | Pumping      7 15 |  0.00 ||        -29.0 0.646  5.31   2.44  4.8 ||                      -50.8 0.605 15.00   2.29  4.5
202  | Pumping      7 15 |  0.50 ||        -28.8 0.629  5.81   2.38  4.7 ||                      -51.1 0.607 15.50   2.30  4.5
202  | Big          9 16 | -0.50 ||        -29.1 0.673  4.81   3.40  6.4 ||                      -50.3 0.609 14.50   3.07  5.8
202  | Big          9 16 | -0.25 ||        -29.0 0.662  5.06   3.34  6.3 ||                      -50.5 0.606 14.75   3.06  5.8
202  | Big          9 16 |  0.00 ||        -28.8 0.652  5.31   3.29  6.2 ||                      -50.6 0.602 15.00   3.04  5.8
202  | Big          9 16 |  0.50 ||        -28.6 0.636  5.81   3.21  6.1 ||                      -51.0 0.608 15.50   3.07  5.8
202  | Huge        12 17 | -0.50 ||        -29.0 0.678  4.81   3.75  7.0 ||                      -50.2 0.609 14.50   4.28  7.8
202  | Huge        12 17 | -0.25 ||        -28.8 0.667  5.06   3.94  7.3 ||                      -50.4 0.606 14.75   4.26  7.8
202  | Huge        12 17 |  0.00 ||        -28.7 0.658  5.31   4.14  7.6 ||                      -50.5 0.608 15.00   4.27  7.8
202  | Huge        12 17 |  0.50 ||        -28.4 0.641  5.81   4.50  8.2 ||                      -50.9 0.607 15.50   4.27  7.8
225  | Flat-ish   1.5  9 | -0.50 ||        -25.7 0.717  4.81   0.46  1.1 ||                      -38.1 0.875 14.50   0.56  1.3
225  | Flat-ish   1.5  9 | -0.25 ||        -25.6 0.713  5.06   0.46  1.1 ||                      -38.3 0.878 14.75   0.56  1.3
225  | Flat-ish   1.5  9 |  0.00 ||        -25.5 0.711  5.31   0.46  1.1 ||                      -38.4 0.880 15.00   0.57  1.3
225  | Flat-ish   1.5  9 |  0.50 ||        -25.3 0.708  5.81   0.45  1.1 ||                      -38.7 0.885 15.50   0.57  1.3
225  | Small      2.5 11 | -0.50 ||        -24.4 0.719  4.81   0.83  1.9 ||                      -36.7 0.853 14.50   0.99  2.2
225  | Small      2.5 11 | -0.25 ||        -24.2 0.715  5.06   0.83  1.9 ||                      -36.9 0.856 14.75   0.99  2.2
225  | Small      2.5 11 |  0.00 ||        -24.1 0.712  5.31   0.82  1.9 ||                      -37.0 0.859 15.00   0.99  2.2
225  | Small      2.5 11 |  0.50 ||        -23.8 0.707  5.81   0.82  1.8 ||                      -37.2 0.865 15.50   1.00  2.2
225  | Fun        3.5 13 | -0.50 ||        -23.7 0.722  4.81   1.23  2.6 ||                      -35.9 0.839 14.50   1.43  3.0
225  | Fun        3.5 13 | -0.25 ||        -23.5 0.718  5.06   1.22  2.6 ||                      -36.1 0.842 14.75   1.43  3.0
225  | Fun        3.5 13 |  0.00 ||        -23.4 0.714  5.31   1.22  2.6 ||                      -36.2 0.845 15.00   1.44  3.0
225  | Fun        3.5 13 |  0.50 ||        -23.0 0.709  5.81   1.21  2.6 ||                      -36.5 0.851 15.50   1.45  3.0
225  | Solid      5.5 14 | -0.50 ||        -23.5 0.723  4.81   2.07  4.2 ||                      -35.7 0.833 14.50   2.39  4.7
225  | Solid      5.5 14 | -0.25 ||        -23.3 0.719  5.06   2.06  4.1 ||                      -35.8 0.837 14.75   2.40  4.7
225  | Solid      5.5 14 |  0.00 ||        -23.1 0.715  5.31   2.05  4.1 ||                      -35.9 0.840 15.00   2.41  4.7
225  | Solid      5.5 14 |  0.50 ||        -22.8 0.710  5.81   2.03  4.1 ||                      -36.2 0.847 15.50   2.42  4.8
225  | Pumping      7 15 | -0.50 ||        -23.3 0.725  4.81   2.74  5.3 ||                      -35.5 0.829 14.50   3.13  5.9
225  | Pumping      7 15 | -0.25 ||        -23.1 0.720  5.06   2.72  5.3 ||                      -35.6 0.833 14.75   3.15  6.0
225  | Pumping      7 15 |  0.00 ||        -22.9 0.716  5.31   2.71  5.2 ||                      -35.7 0.836 15.00   3.16  6.0
225  | Pumping      7 15 |  0.50 ||        -22.6 0.711  5.81   2.69  5.2 ||                      -36.0 0.843 15.50   3.18  6.0
225  | Big          9 16 | -0.50 ||        -23.2 0.726  4.81   3.66  6.8 ||                      -35.3 0.825 14.50   4.16  7.6
225  | Big          9 16 | -0.25 ||        -23.0 0.721  5.06   3.64  6.8 ||                      -35.4 0.829 14.75   4.18  7.6
225  | Big          9 16 |  0.00 ||        -22.8 0.717  5.31   3.62  6.7 ||                      -35.6 0.833 15.00   4.20  7.7
225  | Big          9 16 |  0.50 ||        -22.4 0.711  5.81   3.59  6.7 ||                      -35.8 0.839 15.50   4.23  7.7
225  | Huge        12 17 | -0.50 ||        -23.0 0.727  4.81   3.76  7.0 ||                      -35.2 0.822 14.50   5.78 10.1
225  | Huge        12 17 | -0.25 ||        -22.8 0.722  5.06   3.95  7.3 ||                      -35.3 0.826 14.75   5.80 10.2
225  | Huge        12 17 |  0.00 ||        -22.7 0.718  5.31   4.15  7.6 ||                      -35.4 0.830 15.00   5.83 10.2
225  | Huge        12 17 |  0.50 ||        -22.3 0.712  5.81   4.54  8.2 ||                      -35.7 0.836 15.50   5.87 10.3
247  | Flat-ish   1.5  9 | -0.50 ||        -14.9 1.162  4.82   0.75  1.7 ||                      -19.2 0.956 14.50   0.61  1.4
247  | Flat-ish   1.5  9 | -0.25 ||        -14.8 1.148  5.07   0.74  1.7 ||                      -19.3 0.957 14.75   0.62  1.4
247  | Flat-ish   1.5  9 |  0.00 ||        -14.7 1.135  5.32   0.73  1.7 ||                      -19.3 0.958 15.00   0.62  1.4
247  | Flat-ish   1.5  9 |  0.50 ||        -14.6 1.113  5.82   0.72  1.6 ||                      -19.5 0.960 15.50   0.62  1.4
247  | Small      2.5 11 | -0.50 ||        -13.8 1.214  4.82   1.40  3.0 ||                      -18.4 0.950 14.50   1.10  2.4
247  | Small      2.5 11 | -0.25 ||        -13.7 1.200  5.07   1.39  2.9 ||                      -18.4 0.950 14.75   1.10  2.4
247  | Small      2.5 11 |  0.00 ||        -13.6 1.187  5.32   1.37  2.9 ||                      -18.5 0.951 15.00   1.10  2.4
247  | Small      2.5 11 |  0.50 ||        -13.4 1.164  5.82   1.35  2.9 ||                      -18.6 0.953 15.50   1.10  2.4
247  | Fun        3.5 13 | -0.50 ||        -13.2 1.245  4.82   2.12  4.2 ||                      -17.9 0.946 14.50   1.61  3.3
247  | Fun        3.5 13 | -0.25 ||        -13.1 1.230  5.07   2.09  4.2 ||                      -18.0 0.947 14.75   1.61  3.3
247  | Fun        3.5 13 |  0.00 ||        -13.0 1.217  5.32   2.07  4.2 ||                      -18.0 0.948 15.00   1.61  3.3
247  | Fun        3.5 13 |  0.50 ||        -12.7 1.194  5.82   2.03  4.1 ||                      -18.2 0.949 15.50   1.62  3.3
247  | Solid      5.5 14 | -0.50 ||        -13.0 1.256  4.82   3.60  6.7 ||                      -17.8 0.944 14.50   2.70  5.2
247  | Solid      5.5 14 | -0.25 ||        -12.9 1.241  5.07   3.55  6.6 ||                      -17.8 0.945 14.75   2.71  5.2
247  | Solid      5.5 14 |  0.00 ||        -12.8 1.227  5.32   3.52  6.6 ||                      -17.9 0.946 15.00   2.71  5.2
247  | Solid      5.5 14 |  0.50 ||        -12.5 1.204  5.82   3.45  6.5 ||                      -18.0 0.948 15.50   2.72  5.3
247  | Pumping      7 15 | -0.50 ||        -12.9 1.265  4.82   3.76  7.0 ||                      -17.7 0.943 14.50   3.57  6.7
247  | Pumping      7 15 | -0.25 ||        -12.7 1.250  5.07   3.95  7.3 ||                      -17.7 0.944 14.75   3.57  6.7
247  | Pumping      7 15 |  0.00 ||        -12.6 1.236  5.32   4.15  7.6 ||                      -17.8 0.945 15.00   3.57  6.7
247  | Pumping      7 15 |  0.50 ||        -12.4 1.212  5.82   4.54  8.2 ||                      -17.9 0.947 15.50   3.58  6.7
247  | Big          9 16 | -0.50 ||        -12.8 1.272  4.82   3.76  7.0 ||                      -17.6 0.943 14.50   4.76  8.5
247  | Big          9 16 | -0.25 ||        -12.6 1.257  5.07   3.95  7.3 ||                      -17.6 0.944 14.75   4.76  8.6
247  | Big          9 16 |  0.00 ||        -12.5 1.243  5.32   4.15  7.6 ||                      -17.7 0.944 15.00   4.77  8.6
247  | Big          9 16 |  0.50 ||        -12.2 1.219  5.82   4.54  8.2 ||                      -17.8 0.946 15.50   4.77  8.6
247  | Huge        12 17 | -0.50 ||        -12.7 1.278  4.82   3.76  7.0 ||                      -17.5 0.942 14.50   6.62 11.4
247  | Huge        12 17 | -0.25 ||        -12.5 1.262  5.07   3.95  7.3 ||                      -17.6 0.943 14.75   6.62 11.4
247  | Huge        12 17 |  0.00 ||        -12.4 1.249  5.32   4.15  7.6 ||                      -17.6 0.944 15.00   6.63 11.4
247  | Huge        12 17 |  0.50 ||        -12.1 1.225  5.82   4.54  8.2 ||                      -17.7 0.946 15.50   6.64 11.4
