# womb-retune datum, 2026-10-09, coast-seeded reef field, dial at the coast seed (ruling C), smooth, refractFloorM; local = min(H·amp, 0.78·hmin)
from | band       ft  T  | tide  || peak: angle°  amp   hmin  local m  ft  || west edge (x −400): angle°  amp   hmin  local m  ft
202  | Flat-ish   1.5  9 | -0.50 ||        -26.9 0.555  4.81   0.36  0.9 ||                      -41.0 0.633 14.50   0.41  1.0
202  | Flat-ish   1.5  9 | -0.25 ||        -26.9 0.555  5.06   0.36  0.9 ||                      -41.3 0.635 14.75   0.41  1.0
202  | Flat-ish   1.5  9 |  0.00 ||        -26.9 0.554  5.31   0.36  0.9 ||                      -41.7 0.637 15.00   0.41  1.0
202  | Flat-ish   1.5  9 |  0.50 ||        -26.9 0.554  5.81   0.36  0.9 ||                      -42.4 0.641 15.50   0.41  1.0
202  | Small      2.5 11 | -0.50 ||        -24.6 0.555  4.81   0.64  1.5 ||                      -37.3 0.650 14.50   0.75  1.7
202  | Small      2.5 11 | -0.25 ||        -24.5 0.554  5.06   0.64  1.5 ||                      -37.6 0.651 14.75   0.75  1.7
202  | Small      2.5 11 |  0.00 ||        -24.4 0.553  5.31   0.64  1.5 ||                      -37.9 0.651 15.00   0.75  1.7
202  | Small      2.5 11 |  0.50 ||        -24.3 0.553  5.81   0.64  1.5 ||                      -38.5 0.652 15.50   0.75  1.7
202  | Fun        3.5 13 | -0.50 ||        -23.5 0.569  4.81   0.97  2.1 ||                      -35.3 0.668 14.50   1.14  2.5
202  | Fun        3.5 13 | -0.25 ||        -23.4 0.565  5.06   0.96  2.1 ||                      -35.6 0.668 14.75   1.14  2.5
202  | Fun        3.5 13 |  0.00 ||        -23.2 0.561  5.31   0.96  2.1 ||                      -35.9 0.668 15.00   1.14  2.5
202  | Fun        3.5 13 |  0.50 ||        -23.1 0.557  5.81   0.95  2.1 ||                      -36.5 0.669 15.50   1.14  2.5
202  | Solid      5.5 14 | -0.50 ||        -23.1 0.577  4.81   1.65  3.4 ||                      -34.7 0.675 14.50   1.93  3.9
202  | Solid      5.5 14 | -0.25 ||        -23.0 0.572  5.06   1.64  3.4 ||                      -35.0 0.675 14.75   1.93  3.9
202  | Solid      5.5 14 |  0.00 ||        -22.9 0.568  5.31   1.63  3.4 ||                      -35.3 0.675 15.00   1.93  3.9
202  | Solid      5.5 14 |  0.50 ||        -22.7 0.562  5.81   1.61  3.3 ||                      -35.9 0.675 15.50   1.93  3.9
202  | Pumping      7 15 | -0.50 ||        -22.8 0.584  4.81   2.21  4.4 ||                      -34.2 0.680 14.50   2.57  5.0
202  | Pumping      7 15 | -0.25 ||        -22.7 0.579  5.06   2.19  4.4 ||                      -34.5 0.680 14.75   2.57  5.0
202  | Pumping      7 15 |  0.00 ||        -22.6 0.574  5.31   2.17  4.3 ||                      -34.8 0.681 15.00   2.57  5.0
202  | Pumping      7 15 |  0.50 ||        -22.4 0.568  5.81   2.14  4.3 ||                      -35.3 0.681 15.50   2.57  5.0
202  | Big          9 16 | -0.50 ||        -22.6 0.591  4.81   2.98  5.7 ||                      -33.8 0.685 14.50   3.46  6.5
202  | Big          9 16 | -0.25 ||        -22.5 0.585  5.06   2.95  5.6 ||                      -34.1 0.685 14.75   3.46  6.5
202  | Big          9 16 |  0.00 ||        -22.3 0.580  5.31   2.93  5.6 ||                      -34.4 0.685 15.00   3.46  6.5
202  | Big          9 16 |  0.50 ||        -22.1 0.573  5.81   2.89  5.5 ||                      -34.9 0.685 15.50   3.46  6.5
202  | Huge        12 17 | -0.50 ||        -22.4 0.597  4.82   3.76  7.0 ||                      -33.5 0.689 14.50   4.84  8.7
202  | Huge        12 17 | -0.25 ||        -22.3 0.591  5.07   3.95  7.3 ||                      -33.8 0.689 14.75   4.84  8.7
202  | Huge        12 17 |  0.00 ||        -22.2 0.585  5.32   4.11  7.5 ||                      -34.1 0.689 15.00   4.84  8.7
202  | Huge        12 17 |  0.50 ||        -21.9 0.577  5.82   4.05  7.4 ||                      -34.6 0.689 15.50   4.84  8.7
225  | Flat-ish   1.5  9 | -0.50 ||        -22.2 0.770  4.82   0.49  1.2 ||                      -29.9 0.854 14.50   0.55  1.3
225  | Flat-ish   1.5  9 | -0.25 ||        -22.2 0.760  5.07   0.49  1.2 ||                      -30.2 0.855 14.75   0.55  1.3
225  | Flat-ish   1.5  9 |  0.00 ||        -22.1 0.752  5.32   0.48  1.2 ||                      -30.4 0.856 15.00   0.55  1.3
225  | Flat-ish   1.5  9 |  0.50 ||        -22.0 0.739  5.82   0.47  1.2 ||                      -30.9 0.857 15.50   0.55  1.3
225  | Small      2.5 11 | -0.50 ||        -20.3 0.876  4.82   1.01  2.2 ||                      -27.2 0.884 14.50   1.02  2.2
225  | Small      2.5 11 | -0.25 ||        -20.2 0.861  5.07   1.00  2.2 ||                      -27.5 0.884 14.75   1.02  2.2
225  | Small      2.5 11 |  0.00 ||        -20.1 0.848  5.32   0.98  2.2 ||                      -27.7 0.883 15.00   1.02  2.2
225  | Small      2.5 11 |  0.50 ||        -20.0 0.826  5.82   0.95  2.1 ||                      -28.1 0.883 15.50   1.02  2.2
225  | Fun        3.5 13 | -0.50 ||        -19.3 0.963  4.82   1.64  3.4 ||                      -25.8 0.909 14.50   1.55  3.2
225  | Fun        3.5 13 | -0.25 ||        -19.2 0.945  5.07   1.61  3.3 ||                      -26.0 0.909 14.75   1.55  3.2
225  | Fun        3.5 13 |  0.00 ||        -19.1 0.928  5.32   1.58  3.3 ||                      -26.2 0.908 15.00   1.55  3.2
225  | Fun        3.5 13 |  0.50 ||        -18.9 0.900  5.82   1.53  3.2 ||                      -26.7 0.907 15.50   1.54  3.2
225  | Solid      5.5 14 | -0.50 ||        -18.9 0.998  4.82   2.86  5.5 ||                      -25.4 0.919 14.50   2.63  5.1
225  | Solid      5.5 14 | -0.25 ||        -18.8 0.979  5.07   2.80  5.4 ||                      -25.6 0.918 14.75   2.63  5.1
225  | Solid      5.5 14 |  0.00 ||        -18.7 0.961  5.32   2.75  5.3 ||                      -25.8 0.918 15.00   2.63  5.1
225  | Solid      5.5 14 |  0.50 ||        -18.5 0.930  5.82   2.66  5.2 ||                      -26.2 0.917 15.50   2.62  5.1
225  | Pumping      7 15 | -0.50 ||        -18.6 1.028  4.82   3.76  7.0 ||                      -25.0 0.927 14.50   3.50  6.6
225  | Pumping      7 15 | -0.25 ||        -18.5 1.007  5.07   3.81  7.0 ||                      -25.2 0.927 14.75   3.50  6.6
225  | Pumping      7 15 |  0.00 ||        -18.4 0.988  5.32   3.74  6.9 ||                      -25.4 0.926 15.00   3.50  6.5
225  | Pumping      7 15 |  0.50 ||        -18.2 0.956  5.82   3.61  6.7 ||                      -25.8 0.925 15.50   3.49  6.5
225  | Big          9 16 | -0.50 ||        -18.4 1.053  4.82   3.76  7.0 ||                      -24.7 0.934 14.50   4.71  8.5
225  | Big          9 16 | -0.25 ||        -18.3 1.031  5.07   3.95  7.3 ||                      -24.9 0.933 14.75   4.71  8.5
225  | Big          9 16 |  0.00 ||        -18.2 1.012  5.32   4.15  7.6 ||                      -25.1 0.932 15.00   4.70  8.5
225  | Big          9 16 |  0.50 ||        -18.0 0.978  5.82   4.54  8.2 ||                      -25.5 0.931 15.50   4.70  8.5
225  | Huge        12 17 | -0.50 ||        -18.2 1.074  4.82   3.76  7.0 ||                      -24.5 0.940 14.50   6.60 11.4
225  | Huge        12 17 | -0.25 ||        -18.1 1.052  5.07   3.95  7.3 ||                      -24.7 0.939 14.75   6.59 11.4
225  | Huge        12 17 |  0.00 ||        -18.0 1.032  5.32   4.15  7.6 ||                      -24.9 0.938 15.00   6.59 11.4
225  | Huge        12 17 |  0.50 ||        -17.8 0.997  5.82   4.54  8.2 ||                      -25.3 0.937 15.50   6.58 11.3
247  | Flat-ish   1.5  9 | -0.50 ||        -11.2 1.162  4.82   0.75  1.7 ||                      -15.1 0.943 14.50   0.61  1.4
247  | Flat-ish   1.5  9 | -0.25 ||        -11.2 1.148  5.07   0.74  1.7 ||                      -15.2 0.943 14.75   0.61  1.4
247  | Flat-ish   1.5  9 |  0.00 ||        -11.2 1.134  5.32   0.73  1.7 ||                      -15.3 0.942 15.00   0.61  1.4
247  | Flat-ish   1.5  9 |  0.50 ||        -11.2 1.110  5.82   0.71  1.6 ||                      -15.6 0.941 15.50   0.60  1.4
247  | Small      2.5 11 | -0.50 ||         -9.4 1.262  4.82   1.46  3.1 ||                      -13.4 0.985 14.50   1.14  2.5
247  | Small      2.5 11 | -0.25 ||         -9.4 1.247  5.07   1.44  3.0 ||                      -13.6 0.984 14.75   1.14  2.5
247  | Small      2.5 11 |  0.00 ||         -9.3 1.234  5.32   1.43  3.0 ||                      -13.7 0.983 15.00   1.14  2.5
247  | Small      2.5 11 |  0.50 ||         -9.3 1.210  5.82   1.40  3.0 ||                      -13.9 0.981 15.50   1.13  2.5
247  | Fun        3.5 13 | -0.50 ||         -8.5 1.318  4.82   2.24  4.5 ||                      -12.6 1.014 14.50   1.73  3.5
247  | Fun        3.5 13 | -0.25 ||         -8.4 1.304  5.07   2.22  4.4 ||                      -12.7 1.013 14.75   1.72  3.5
247  | Fun        3.5 13 |  0.00 ||         -8.4 1.291  5.32   2.20  4.4 ||                      -12.8 1.012 15.00   1.72  3.5
247  | Fun        3.5 13 |  0.50 ||         -8.3 1.268  5.82   2.16  4.3 ||                      -13.0 1.009 15.50   1.72  3.5
247  | Solid      5.5 14 | -0.50 ||         -8.1 1.338  4.82   3.76  7.0 ||                      -12.3 1.025 14.50   2.94  5.6
247  | Solid      5.5 14 | -0.25 ||         -8.1 1.324  5.07   3.79  7.0 ||                      -12.4 1.024 14.75   2.93  5.6
247  | Solid      5.5 14 |  0.00 ||         -8.1 1.311  5.32   3.75  7.0 ||                      -12.5 1.022 15.00   2.93  5.6
247  | Solid      5.5 14 |  0.50 ||         -8.0 1.288  5.82   3.69  6.9 ||                      -12.7 1.020 15.50   2.92  5.6
247  | Pumping      7 15 | -0.50 ||         -7.9 1.354  4.82   3.76  7.0 ||                      -12.1 1.034 14.50   3.91  7.2
247  | Pumping      7 15 | -0.25 ||         -7.9 1.339  5.07   3.95  7.3 ||                      -12.2 1.033 14.75   3.90  7.2
247  | Pumping      7 15 |  0.00 ||         -7.8 1.326  5.32   4.15  7.6 ||                      -12.3 1.031 15.00   3.90  7.2
247  | Pumping      7 15 |  0.50 ||         -7.7 1.304  5.82   4.54  8.2 ||                      -12.5 1.029 15.50   3.89  7.2
247  | Big          9 16 | -0.50 ||         -7.7 1.367  4.82   3.76  7.0 ||                      -11.9 1.041 14.50   5.25  9.3
247  | Big          9 16 | -0.25 ||         -7.7 1.353  5.07   3.95  7.3 ||                      -12.0 1.040 14.75   5.25  9.3
247  | Big          9 16 |  0.00 ||         -7.6 1.339  5.32   4.15  7.6 ||                      -12.1 1.039 15.00   5.24  9.3
247  | Big          9 16 |  0.50 ||         -7.5 1.317  5.82   4.54  8.2 ||                      -12.3 1.036 15.50   5.23  9.3
247  | Huge        12 17 | -0.50 ||         -7.6 1.378  4.82   3.76  7.0 ||                      -11.7 1.047 14.50   7.36 12.5
247  | Huge        12 17 | -0.25 ||         -7.5 1.364  5.07   3.95  7.3 ||                      -11.9 1.046 14.75   7.35 12.5
247  | Huge        12 17 |  0.00 ||         -7.5 1.350  5.32   4.15  7.6 ||                      -12.0 1.045 15.00   7.34 12.5
247  | Huge        12 17 |  0.50 ||         -7.4 1.327  5.82   4.54  8.2 ||                      -12.2 1.042 15.50   7.32 12.4
