band     tide  | first: peel hollow start broken | inside peel | right r0 r1 | fb depth, m seaward | bearing@(tip−30,30)
Solid    -0.50 |  11.4  0.66  -0.1 72/72 |  23.0 | -21.3 -23.3 |   3.1   0.5 | 64.7
Solid    -0.25 |  11.4  0.57   0.0 72/72 |  22.7 | -21.5 -23.5 |   3.3  -0.5 | 64.5
Solid     0.00 |  11.3  0.56   0.1 72/72 |  22.5 | -22.3 -23.6 |   3.5  -1.5 | 64.3
Solid     0.50 |  10.5  0.54   0.4 72/72 |  22.1 | -23.5 -25.4 |   4.0  -4.5 | 64.0
Pumping  -0.50 |  11.6  1.00  -0.3 72/72 |  24.6 | -21.6 -23.2 |   4.0   3.0 | 65.1
Pumping  -0.25 |  11.7  1.00  -0.3 72/72 |  24.4 | -21.8 -23.3 |   3.7   2.0 | 64.9
Pumping   0.00 |  11.7  0.81  -0.2 72/72 |  24.3 | -22.2 -23.6 |   3.8   1.5 | 64.7
Pumping   0.50 |  11.8  0.64  -0.1 72/72 |  24.0 | -22.5 -23.7 |   4.0   0.0 | 64.3
Big      -0.50 |  11.8  1.00  -0.5 72/72 |  25.9 | -22.0 -23.4 |   5.5   5.0 | 65.4
Big      -0.25 |  11.9  1.00  -0.5 72/72 |  25.8 | -22.2 -23.4 |   4.9   4.0 | 65.2
Big       0.00 |  11.9  1.00  -0.4 72/72 |  25.6 | -22.2 -23.5 |   5.2   4.0 | 65.0
Big       0.50 |  12.1  1.00  -0.3 72/72 |  25.3 | -22.3 -23.6 |   5.0   3.0 | 64.6
Huge     -0.50 |  11.9  1.00  -0.7 72/72 |  26.8 | -22.3 -23.4 |   6.4   6.0 | 65.6
Huge     -0.25 |  12.1  1.00  -0.6 72/72 |  26.8 | -21.8 -23.4 |   6.6   6.0 | 65.4
Huge      0.00 |  12.1  1.00  -0.6 72/72 |  26.8 | -22.1 -23.4 |   6.4   5.5 | 65.2
Huge      0.50 |  12.2  1.00  -0.5 72/72 |  26.6 | -22.0 -23.6 |   6.5   5.0 | 64.8
