# womb-retune datum, 2026-10-10, coast-seeded reef field, smooth, refractFloorM; local = min(H·amp, 0.78·hmin)
from | band       ft  T  | tide  || peak: angle°  amp   hmin  local m  ft  || west edge (x −400): angle°  amp   hmin  local m  ft
202  | Flat-ish   1.5  9 | -0.50 ||        -27.7 0.585  1.09   0.38  0.9 ||                      -41.0 0.633 14.50   0.41  1.0
202  | Flat-ish   1.5  9 | -0.25 ||        -27.7 0.583  1.34   0.37  0.9 ||                      -41.3 0.635 14.75   0.41  1.0
202  | Flat-ish   1.5  9 |  0.00 ||        -27.8 0.582  1.59   0.37  0.9 ||                      -41.7 0.637 15.00   0.41  1.0
202  | Flat-ish   1.5  9 |  0.50 ||        -27.8 0.581  2.09   0.37  0.9 ||                      -42.4 0.641 15.50   0.41  1.0
202  | Small      2.5 11 | -0.50 ||        -25.4 0.590  1.11   0.68  1.6 ||                      -37.3 0.650 14.50   0.75  1.7
202  | Small      2.5 11 | -0.25 ||        -25.4 0.586  1.37   0.68  1.6 ||                      -37.6 0.651 14.75   0.75  1.7
202  | Small      2.5 11 |  0.00 ||        -25.3 0.584  1.62   0.68  1.6 ||                      -37.9 0.651 15.00   0.75  1.7
202  | Small      2.5 11 |  0.50 ||        -25.2 0.581  2.12   0.67  1.6 ||                      -38.5 0.652 15.50   0.75  1.7
202  | Fun        3.5 13 | -0.50 ||        -24.3 0.609  1.13   0.88  2.0 ||                      -35.3 0.668 14.50   1.14  2.5
202  | Fun        3.5 13 | -0.25 ||        -24.2 0.603  1.38   1.03  2.3 ||                      -35.6 0.668 14.75   1.14  2.5
202  | Fun        3.5 13 |  0.00 ||        -24.2 0.598  1.64   1.02  2.2 ||                      -35.9 0.668 15.00   1.14  2.5
202  | Fun        3.5 13 |  0.50 ||        -24.0 0.591  2.14   1.01  2.2 ||                      -36.5 0.669 15.50   1.14  2.5
202  | Solid      5.5 14 | -0.50 ||        -24.0 0.619  1.14   0.89  2.0 ||                      -34.7 0.675 14.50   1.93  3.9
202  | Solid      5.5 14 | -0.25 ||        -23.9 0.613  1.39   1.09  2.4 ||                      -35.0 0.675 14.75   1.93  3.9
202  | Solid      5.5 14 |  0.00 ||        -23.8 0.607  1.64   1.28  2.7 ||                      -35.3 0.675 15.00   1.93  3.9
202  | Solid      5.5 14 |  0.50 ||        -23.6 0.599  2.15   1.68  3.5 ||                      -35.9 0.675 15.50   1.93  3.9
202  | Pumping      7 15 | -0.50 ||        -23.7 0.629  1.15   0.89  2.0 ||                      -34.2 0.680 14.50   2.57  5.0
202  | Pumping      7 15 | -0.25 ||        -23.6 0.622  1.40   1.09  2.4 ||                      -34.5 0.680 14.75   2.57  5.0
202  | Pumping      7 15 |  0.00 ||        -23.5 0.616  1.65   1.29  2.7 ||                      -34.8 0.681 15.00   2.57  5.0
202  | Pumping      7 15 |  0.50 ||        -23.3 0.606  2.16   1.68  3.5 ||                      -35.3 0.681 15.50   2.57  5.0
202  | Big          9 16 | -0.50 ||        -23.5 0.637  1.15   0.90  2.0 ||                      -33.8 0.685 14.50   3.46  6.5
202  | Big          9 16 | -0.25 ||        -23.4 0.630  1.40   1.10  2.4 ||                      -34.1 0.685 14.75   3.46  6.5
202  | Big          9 16 |  0.00 ||        -23.3 0.623  1.66   1.29  2.8 ||                      -34.4 0.685 15.00   3.46  6.5
202  | Big          9 16 |  0.50 ||        -23.1 0.613  2.16   1.69  3.5 ||                      -34.9 0.685 15.50   3.46  6.5
202  | Huge        12 17 | -0.50 ||        -23.3 0.645  1.16   0.90  2.0 ||                      -33.5 0.689 14.50   4.84  8.7
202  | Huge        12 17 | -0.25 ||        -23.2 0.637  1.41   1.10  2.4 ||                      -33.8 0.689 14.75   4.84  8.7
202  | Huge        12 17 |  0.00 ||        -23.1 0.630  1.66   1.30  2.8 ||                      -34.1 0.689 15.00   4.84  8.7
202  | Huge        12 17 |  0.50 ||        -22.9 0.619  2.17   1.69  3.5 ||                      -34.6 0.689 15.50   4.84  8.7
225  | Flat-ish   1.5  9 | -0.50 ||        -22.9 0.824  1.17   0.53  1.3 ||                      -29.9 0.854 14.50   0.55  1.3
225  | Flat-ish   1.5  9 | -0.25 ||        -22.8 0.812  1.42   0.52  1.3 ||                      -30.2 0.855 14.75   0.55  1.3
225  | Flat-ish   1.5  9 |  0.00 ||        -22.8 0.801  1.68   0.51  1.2 ||                      -30.4 0.856 15.00   0.55  1.3
225  | Flat-ish   1.5  9 |  0.50 ||        -22.7 0.784  2.18   0.50  1.2 ||                      -30.9 0.857 15.50   0.55  1.3
225  | Small      2.5 11 | -0.50 ||        -20.9 0.957  1.26   0.99  2.2 ||                      -27.2 0.884 14.50   1.02  2.2
225  | Small      2.5 11 | -0.25 ||        -20.9 0.939  1.52   1.09  2.4 ||                      -27.5 0.884 14.75   1.02  2.2
225  | Small      2.5 11 |  0.00 ||        -20.8 0.923  1.77   1.07  2.3 ||                      -27.7 0.883 15.00   1.02  2.2
225  | Small      2.5 11 |  0.50 ||        -20.7 0.896  2.28   1.04  2.3 ||                      -28.1 0.883 15.50   1.02  2.2
225  | Fun        3.5 13 | -0.50 ||        -19.8 1.062  1.34   1.05  2.3 ||                      -25.8 0.909 14.50   1.55  3.2
225  | Fun        3.5 13 | -0.25 ||        -19.8 1.041  1.60   1.25  2.7 ||                      -26.0 0.909 14.75   1.55  3.2
225  | Fun        3.5 13 |  0.00 ||        -19.7 1.022  1.86   1.45  3.0 ||                      -26.2 0.908 15.00   1.55  3.2
225  | Fun        3.5 13 |  0.50 ||        -19.5 0.989  2.37   1.68  3.5 ||                      -26.7 0.907 15.50   1.54  3.2
225  | Solid      5.5 14 | -0.50 ||        -19.5 1.102  1.37   1.07  2.3 ||                      -25.4 0.919 14.50   2.63  5.1
225  | Solid      5.5 14 | -0.25 ||        -19.4 1.081  1.63   1.27  2.7 ||                      -25.6 0.918 14.75   2.63  5.1
225  | Solid      5.5 14 |  0.00 ||        -19.3 1.061  1.89   1.47  3.1 ||                      -25.8 0.918 15.00   2.63  5.1
225  | Solid      5.5 14 |  0.50 ||        -19.2 1.025  2.40   1.87  3.8 ||                      -26.2 0.917 15.50   2.62  5.1
225  | Pumping      7 15 | -0.50 ||        -19.2 1.136  1.40   1.09  2.4 ||                      -25.0 0.927 14.50   3.50  6.6
225  | Pumping      7 15 | -0.25 ||        -19.1 1.113  1.66   1.29  2.8 ||                      -25.2 0.927 14.75   3.50  6.6
225  | Pumping      7 15 |  0.00 ||        -19.0 1.092  1.91   1.49  3.1 ||                      -25.4 0.926 15.00   3.50  6.5
225  | Pumping      7 15 |  0.50 ||        -18.9 1.056  2.43   1.89  3.8 ||                      -25.8 0.925 15.50   3.49  6.5
225  | Big          9 16 | -0.50 ||        -18.9 1.163  1.42   1.11  2.4 ||                      -24.7 0.934 14.50   4.71  8.5
225  | Big          9 16 | -0.25 ||        -18.8 1.140  1.68   1.31  2.8 ||                      -24.9 0.933 14.75   4.71  8.5
225  | Big          9 16 |  0.00 ||        -18.8 1.119  1.94   1.51  3.2 ||                      -25.1 0.932 15.00   4.70  8.5
225  | Big          9 16 |  0.50 ||        -18.6 1.081  2.45   1.91  3.9 ||                      -25.5 0.931 15.50   4.70  8.5
225  | Huge        12 17 | -0.50 ||        -18.7 1.186  1.44   1.12  2.4 ||                      -24.5 0.940 14.50   6.60 11.4
225  | Huge        12 17 | -0.25 ||        -18.6 1.162  1.70   1.33  2.8 ||                      -24.7 0.939 14.75   6.59 11.4
225  | Huge        12 17 |  0.00 ||        -18.6 1.141  1.96   1.53  3.2 ||                      -24.9 0.938 15.00   6.59 11.4
225  | Huge        12 17 |  0.50 ||        -18.4 1.103  2.47   1.93  3.9 ||                      -25.3 0.937 15.50   6.58 11.3
247  | Flat-ish   1.5  9 | -0.50 ||        -11.6 1.195  2.09   0.77  1.8 ||                      -15.1 0.943 14.50   0.61  1.4
247  | Flat-ish   1.5  9 | -0.25 ||        -11.6 1.177  2.34   0.76  1.7 ||                      -15.2 0.943 14.75   0.61  1.4
247  | Flat-ish   1.5  9 |  0.00 ||        -11.6 1.161  2.59   0.75  1.7 ||                      -15.3 0.942 15.00   0.61  1.4
247  | Flat-ish   1.5  9 |  0.50 ||        -11.6 1.133  3.09   0.73  1.7 ||                      -15.6 0.941 15.50   0.60  1.4
247  | Small      2.5 11 | -0.50 ||         -9.8 1.298  2.12   1.50  3.1 ||                      -13.4 0.985 14.50   1.14  2.5
247  | Small      2.5 11 | -0.25 ||         -9.8 1.282  2.37   1.48  3.1 ||                      -13.6 0.984 14.75   1.14  2.5
247  | Small      2.5 11 |  0.00 ||         -9.8 1.267  2.62   1.47  3.1 ||                      -13.7 0.983 15.00   1.14  2.5
247  | Small      2.5 11 |  0.50 ||         -9.8 1.241  3.12   1.44  3.0 ||                      -13.9 0.981 15.50   1.13  2.5
247  | Fun        3.5 13 | -0.50 ||         -8.9 1.368  2.13   1.66  3.4 ||                      -12.6 1.014 14.50   1.73  3.5
247  | Fun        3.5 13 | -0.25 ||         -8.9 1.351  2.38   1.86  3.8 ||                      -12.7 1.013 14.75   1.72  3.5
247  | Fun        3.5 13 |  0.00 ||         -8.9 1.334  2.63   2.06  4.1 ||                      -12.8 1.012 15.00   1.72  3.5
247  | Fun        3.5 13 |  0.50 ||         -8.8 1.305  3.14   2.22  4.4 ||                      -13.0 1.010 15.50   1.72  3.5
247  | Solid      5.5 14 | -0.50 ||         -8.6 1.393  2.14   1.67  3.4 ||                      -12.3 1.025 14.50   2.94  5.6
247  | Solid      5.5 14 | -0.25 ||         -8.6 1.374  2.39   1.86  3.8 ||                      -12.4 1.024 14.75   2.93  5.6
247  | Solid      5.5 14 |  0.00 ||         -8.6 1.357  2.64   2.06  4.1 ||                      -12.5 1.022 15.00   2.93  5.6
247  | Solid      5.5 14 |  0.50 ||         -8.5 1.328  3.14   2.45  4.8 ||                      -12.7 1.020 15.50   2.92  5.6
247  | Pumping      7 15 | -0.50 ||         -8.4 1.413  2.14   1.67  3.4 ||                      -12.1 1.034 14.50   3.91  7.2
247  | Pumping      7 15 | -0.25 ||         -8.4 1.393  2.39   1.86  3.8 ||                      -12.2 1.033 14.75   3.90  7.2
247  | Pumping      7 15 |  0.00 ||         -8.3 1.375  2.64   2.06  4.1 ||                      -12.3 1.031 15.00   3.90  7.2
247  | Pumping      7 15 |  0.50 ||         -8.2 1.346  3.14   2.45  4.8 ||                      -12.5 1.029 15.50   3.89  7.2
247  | Big          9 16 | -0.50 ||         -8.2 1.429  2.14   1.67  3.4 ||                      -11.9 1.041 14.50   5.25  9.3
247  | Big          9 16 | -0.25 ||         -8.2 1.409  2.39   1.86  3.8 ||                      -12.0 1.040 14.75   5.25  9.3
247  | Big          9 16 |  0.00 ||         -8.1 1.392  2.64   2.06  4.1 ||                      -12.1 1.039 15.00   5.24  9.3
247  | Big          9 16 |  0.50 ||         -8.0 1.361  3.14   2.45  4.8 ||                      -12.3 1.036 15.50   5.23  9.3
247  | Huge        12 17 | -0.50 ||         -8.1 1.442  2.14   1.67  3.4 ||                      -11.7 1.047 14.50   7.36 12.5
247  | Huge        12 17 | -0.25 ||         -8.0 1.423  2.39   1.87  3.8 ||                      -11.9 1.046 14.75   7.35 12.5
247  | Huge        12 17 |  0.00 ||         -7.9 1.405  2.64   2.06  4.1 ||                      -12.0 1.045 15.00   7.34 12.5
247  | Huge        12 17 |  0.50 ||         -7.8 1.374  3.14   2.45  4.8 ||                      -12.2 1.042 15.50   7.32 12.4
