
z 200, x -200 -> -100 (the old square west wall)
  ( -200.0,  200.0)   -15.0
  ( -195.0,  200.0)   -15.0
  ( -190.0,  200.0)   -15.0
  ( -185.0,  200.0)   -15.0
  ( -180.0,  200.0)   -15.0
  ( -175.0,  200.0)   -15.0
  ( -170.0,  200.0)   -15.0
  ( -165.0,  200.0)   -15.0
  ( -160.0,  200.0)   -15.0
  ( -155.0,  200.0)   -15.0
  ( -150.0,  200.0)   -15.0
  ( -145.0,  200.0)   -15.0
  ( -140.0,  200.0)   -15.0
  ( -135.0,  200.0)   -15.0
  ( -130.0,  200.0)   -15.0
  ( -125.0,  200.0)   -15.0
  ( -120.0,  200.0)   -15.0
  ( -115.0,  200.0)   -15.0
  ( -110.0,  200.0)   -15.0
  ( -105.0,  200.0)   -15.0
  ( -100.0,  200.0)   -15.0

x -120, z 200 -> 280 (the old square south leg)
  ( -120.0,  200.0)   -15.0
  ( -120.0,  205.0)   -15.0
  ( -120.0,  210.0)   -15.0
  ( -120.0,  215.0)   -15.0
  ( -120.0,  220.0)   -15.0
  ( -120.0,  225.0)   -15.0
  ( -120.0,  230.0)   -15.0
  ( -120.0,  235.0)   -15.0
  ( -120.0,  240.0)   -15.0
  ( -120.0,  245.0)   -15.0
  ( -120.0,  250.0)   -15.0
  ( -120.0,  255.0)   -15.0
  ( -120.0,  260.0)   -15.0
  ( -120.0,  265.0)   -15.0
  ( -120.0,  270.0)   -15.0
  ( -120.0,  275.0)   -15.0
  ( -120.0,  280.0)   -15.0

x -100, z 0 -> 80 (across the traced south edge)
  ( -100.0,    0.0)    -3.2
  ( -100.0,    5.0)    -2.9
  ( -100.0,   10.0)    -3.6
  ( -100.0,   15.0)    -3.5
  ( -100.0,   20.0)    -5.6
  ( -100.0,   25.0)   -11.0
  ( -100.0,   30.0)   -14.9
  ( -100.0,   35.0)   -15.0
  ( -100.0,   40.0)   -15.0
  ( -100.0,   45.0)   -15.0
  ( -100.0,   50.0)   -15.0
  ( -100.0,   55.0)   -15.0
  ( -100.0,   60.0)   -15.0
  ( -100.0,   65.0)   -15.0
  ( -100.0,   70.0)   -15.0
  ( -100.0,   75.0)   -15.0
  ( -100.0,   80.0)   -15.0

x -40, z 0 -> 80 (across the traced south edge)
  (  -40.0,    0.0)    -4.0
  (  -40.0,    5.0)    -3.8
  (  -40.0,   10.0)    -3.8
  (  -40.0,   15.0)    -3.6
  (  -40.0,   20.0)    -3.5
  (  -40.0,   25.0)    -5.1
  (  -40.0,   30.0)   -10.4
  (  -40.0,   35.0)   -14.7
  (  -40.0,   40.0)   -15.0
  (  -40.0,   45.0)   -15.0
  (  -40.0,   50.0)   -15.0
  (  -40.0,   55.0)   -15.0
  (  -40.0,   60.0)   -15.0
  (  -40.0,   65.0)   -15.0
  (  -40.0,   70.0)   -15.0
  (  -40.0,   75.0)   -15.0
  (  -40.0,   80.0)   -15.0

x 20, z 0 -> 80 (across the traced south edge)
  (   20.0,    0.0)    -2.5
  (   20.0,    5.0)    -4.0
  (   20.0,   10.0)    -4.0
  (   20.0,   15.0)    -4.0
  (   20.0,   20.0)    -4.0
  (   20.0,   25.0)    -3.8
  (   20.0,   30.0)    -3.0
  (   20.0,   35.0)    -3.5
  (   20.0,   40.0)    -3.5
  (   20.0,   45.0)    -5.3
  (   20.0,   50.0)   -10.7
  (   20.0,   55.0)   -11.5
  (   20.0,   60.0)   -11.5
  (   20.0,   65.0)   -11.5
  (   20.0,   70.0)   -11.5
  (   20.0,   75.0)   -11.5
  (   20.0,   80.0)   -11.5

normal at the trace's (-100, 15.9), n = (-0.06, 1.00), s -30 -> 30
  (  -98.1,  -14.0)    -3.8
  (  -98.4,   -9.0)    -3.9
  (  -98.8,   -4.0)    -4.0
  (  -99.1,    1.0)    -3.2
  (  -99.4,    6.0)    -3.4
  (  -99.7,   10.9)    -3.6
  ( -100.0,   15.9)    -3.5
  ( -100.3,   20.9)    -6.5
  ( -100.6,   25.9)   -12.0
  ( -100.9,   30.9)   -15.0
  ( -101.2,   35.9)   -15.0
  ( -101.6,   40.9)   -15.0
  ( -101.9,   45.9)   -15.0

normal at the trace's (-40, 21.5), n = (-0.10, 0.99), s -30 -> 30
  (  -36.9,   -8.4)    -3.9
  (  -37.4,   -3.4)    -2.2
  (  -37.9,    1.6)    -3.2
  (  -38.4,    6.6)    -3.9
  (  -39.0,   11.5)    -3.8
  (  -39.5,   16.5)    -3.6
  (  -40.0,   21.5)    -3.5
  (  -40.5,   26.5)    -6.5
  (  -41.0,   31.4)   -12.0
  (  -41.6,   36.4)   -15.0
  (  -42.1,   41.4)   -15.0
  (  -42.6,   46.3)   -15.0
  (  -43.1,   51.3)   -15.0

normal at the trace's (20, 41.2), n = (-0.11, 0.99), s -30 -> 30
  (   23.3,   11.4)    -4.0
  (   22.7,   16.3)    -4.0
  (   22.2,   21.3)    -4.2
  (   21.6,   26.3)    -3.9
  (   21.1,   31.3)    -3.4
  (   20.5,   36.2)    -3.6
  (   20.0,   41.2)    -3.5
  (   19.5,   46.2)    -6.5
  (   18.9,   51.1)   -11.8
  (   18.4,   56.1)   -11.9
  (   17.8,   61.1)   -12.1
  (   17.3,   66.1)   -12.2
  (   16.7,   71.0)   -12.4
