## ft 7
# 7 ft 15 s, wave 4.49 m, take-off (-140.4, 3.7), arrive 400.11 s
#  t-arrive  phase   x      z     stepMs  traceMs  sums  curves  live  waves | nearest station: phase rho tb until
    -5.98  paddle -140.4    3.7     7.1     4.1     20      0   234     9 | 0.01 1.000 null 6.84 (67.7 m)
    -5.48  paddle -140.6    3.8     4.6     4.0     20      0   268     9 | 0.01 1.000 null 6.58 (61.6 m)
    -4.98  paddle -141.2    4.0     3.7     3.3     20      0   265     9 | 0.03 1.000 null 6.08 (55.3 m)
    -4.48  paddle -141.8    4.2     3.5     3.1     20      0   299     9 | 0.04 1.000 null 5.58 (48.9 m)
    -3.98  paddle -142.4    4.4     4.0     3.5     20      0   300     9 | 0.06 1.000 null 5.10 (42.4 m)
    -3.48  paddle -143.0    4.7     3.1     2.6     20      0   326     9 | 0.08 1.000 null 4.59 (36.0 m)
    -2.98  paddle -143.6    4.9     3.4     3.1     20      0   357     9 | 0.11 1.000 null 4.05 (29.6 m)
    -2.48  paddle -144.2    5.2    17.5     4.6    210      1   389     9 | 0.14 1.000 null 3.58 (23.2 m)
    -1.98  paddle -144.8    5.4    20.8     7.0    620      3   436     9 | 0.17 1.000 null 3.08 (16.9 m)
    -1.48  paddle -145.2    5.6    19.1     6.2    620      3   508     9 | 0.20 1.000 null 2.57 (10.9 m)
    -0.98  paddle -145.1    5.6    17.4     5.7    620      3   609     9 | 0.24 1.000 null 2.07 (5.4 m)
    -0.48  ride   -141.4    4.0    23.7     6.6   1170      6   625     9 | 0.29 1.000 null 1.57 (4.0 m)
     0.02  ride   -137.3    0.7    27.9     5.3   1355      7   627     9 | 0.32 1.000 null 1.22 (3.7 m)
     0.52  ride   -133.4   -3.6    52.1     8.9   1355      7   624     9 | 0.34 1.000 null 1.02 (3.6 m)
     1.02  ride   -129.2   -8.2    86.0    14.4   1540      8   618     9 | 0.39 1.000 null 0.98 (3.8 m)
     1.52  ride   -125.1  -12.8    48.1    13.6   1350      7   612     9 | 0.40 1.000 null 1.09 (4.0 m)
     2.02  ride   -121.1  -17.4    61.7    12.5   1350      7   607     9 | 0.37 1.000 null 1.22 (4.0 m)
     2.52  ride   -117.1  -22.0    55.4    12.4   1355      7   601     9 | 0.33 1.000 null 1.35 (3.9 m)
     3.02  ride   -113.1  -26.7    60.2     9.0   1540      8   595     9 | 0.31 1.000 null 1.46 (3.7 m)
     3.52  ride   -108.9  -31.4    51.9     9.2   1355      7   587     9 | 0.29 1.000 null 1.59 (3.7 m)
     4.02  ride   -104.6  -36.4   101.5    18.0   1540      8   575     9 | 0.28 1.000 null 1.74 (3.8 m)
     4.52  ride   -100.2  -41.5    48.0     8.0   1355      7   609     9 | 0.26 1.000 null 1.91 (4.1 m)
     5.02  ride    -95.7  -46.9    55.0    10.1   1540      8   595     9 | 0.24 1.000 null 2.09 (4.5 m)
     5.52  ride    -91.2  -52.5    60.8    10.6   1540      8   583     9 | 0.23 1.000 null 2.31 (5.0 m)
# riding steps 390: step ms median 58.3 mean 56.9; trace ms median 10.9; sums/step mean 1430; curves/step mean 7.4 (at g = 1: 0.0); sums per curve 193
## ft 12
# 12 ft 15 s, wave 8.35 m, take-off (-143.6, 5.0), arrive 399.78 s
#  t-arrive  phase   x      z     stepMs  traceMs  sums  curves  live  waves | nearest station: phase rho tb until
    -5.98  paddle -143.6    5.0    14.5     8.6     20      0   273     9 | 0.01 1.000 null 6.81 (68.0 m)
    -5.48  paddle -144.2    5.2     7.3     6.2     20      0   266     9 | 0.02 1.000 null 6.53 (61.6 m)
    -4.98  paddle -145.2    5.6     6.6     5.5     20      0   303     9 | 0.03 1.000 null 6.07 (54.7 m)
    -4.48  paddle -146.3    6.1     4.0     3.5     20      0   322     9 | 0.04 1.000 null 5.58 (47.7 m)
    -3.98  paddle -147.5    6.5    20.9     3.0    610      3   312     9 | 0.06 1.000 null 5.04 (40.7 m)
    -3.48  paddle -148.5    7.0    15.4     5.6    430      2   338     9 | 0.08 1.000 null 4.53 (33.8 m)
    -2.98  paddle -149.5    7.4    14.6     4.7    430      2   373     9 | 0.11 1.000 null 4.02 (27.0 m)
    -2.48  paddle -150.4    7.8    25.8     6.5    615      3   420     9 | 0.14 1.000 null 3.52 (20.3 m)
    -1.98  paddle -151.3    8.2    10.8     4.0    430      2   488     9 | 0.17 1.000 null 3.02 (13.6 m)
    -1.48  paddle -151.8    8.4    19.5     8.0    620      3   595     9 | 0.21 1.000 null 2.52 (7.3 m)
    -0.98  ride   -148.6    7.0    47.0    10.8   1160      6   640     9 | 0.25 1.000 null 2.01 (5.3 m)
    -0.48  ride   -144.5    3.7    39.5     8.7   1355      7   642     9 | 0.28 1.000 null 1.67 (4.8 m)
     0.02  ride   -140.5   -0.5    31.8     8.7   1355      7   642     9 | 0.30 1.000 null 1.43 (4.6 m)
     0.52  ride   -136.2   -5.0    37.3     9.5   1540      8   633     9 | 0.31 1.000 null 1.28 (4.9 m)
     1.02  ride   -131.7   -9.9    41.0     9.5   1540      8   624     9 | 0.33 1.000 null 1.27 (5.5 m)
     1.52  ride   -127.3  -15.2    35.2     6.2   1540      8   611     9 | 0.31 1.000 null 1.48 (6.0 m)
     2.02  ride   -123.2  -20.8    31.3     7.0   1355      7   599     9 | 0.28 1.000 null 1.79 (6.4 m)
     2.52  ride   -119.2  -26.6    60.1     6.6   1540      8   585     9 | 0.24 1.000 null 2.13 (6.7 m)
     3.02  ride   -115.1  -32.5    57.4     9.7   1355      7   571     9 | 0.22 1.000 null 2.48 (6.9 m)
     3.52  ride   -110.9  -38.6    41.9     8.5   1355      7   551     9 | 0.19 1.000 null 2.85 (7.3 m)
     4.02  ride   -106.6  -44.8    32.8     4.8   1355      7   531     9 | 0.16 1.000 null 3.25 (7.8 m)
     4.52  ride   -102.3  -51.1    50.0     7.9   1540      8   553     9 | 0.14 1.000 null 3.67 (8.5 m)
     5.02  ride    -98.0  -57.6    42.1     8.5   1355      7   533     9 | 0.11 1.000 null 4.15 (9.2 m)
     5.52  ride    -93.6  -64.2    52.5     9.5   1355      7   511     9 | 0.08 1.000 null 4.64 (10.0 m)
# riding steps 421: step ms median 42.3 mean 42.5; trace ms median 8.1; sums/step mean 1406; curves/step mean 7.3 (at g = 1: 0.0); sums per curve 193
