## ft 7
# 7 ft 15 s, wave 4.49 m, take-off (-140.4, 3.7), arrive 400.11 s
#  t-arrive  phase   x      z     stepMs  traceMs  sums  curves  live  waves | nearest station: phase rho tb until
    -5.98  paddle -140.4    3.7    25.9    13.2     20      0   234     9 | 0.01 1.000 null 6.84 (67.7 m)
    -5.48  paddle -140.6    3.8     9.8     7.8     20      0   268     9 | 0.01 1.000 null 6.58 (61.6 m)
    -4.98  paddle -141.2    4.0    10.6     9.3     20      0   265     9 | 0.03 1.000 null 6.08 (55.3 m)
    -4.48  paddle -141.8    4.2    11.4    10.2     20      0   299     9 | 0.04 1.000 null 5.58 (48.9 m)
    -3.98  paddle -142.4    4.4     9.5     7.9     20      0   300     9 | 0.06 1.000 null 5.10 (42.4 m)
    -3.48  paddle -143.0    4.7    12.0     9.8     20      0   326     9 | 0.08 1.000 null 4.59 (36.0 m)
    -2.98  paddle -143.6    4.9    14.4    12.1     20      0   357     9 | 0.11 1.000 null 4.05 (29.6 m)
    -2.48  paddle -144.2    5.2    48.6    10.6    210      1   389     9 | 0.14 1.000 null 3.58 (23.2 m)
    -1.98  paddle -144.8    5.4    48.4     9.0    620      3   436     9 | 0.17 1.000 null 3.08 (16.9 m)
    -1.48  paddle -145.2    5.6    35.0    12.2    620      3   508     9 | 0.20 1.000 null 2.57 (10.9 m)
    -0.98  paddle -145.1    5.6    69.9    26.8    620      3   609     9 | 0.24 1.000 null 2.07 (5.4 m)
    -0.48  ride   -141.4    4.0    33.9     9.3   1170      6   626     9 | 0.29 1.000 null 1.57 (4.0 m)
     0.02  ride   -137.3    0.7    49.4     9.3   1355      7   627     9 | 0.32 1.000 null 1.22 (3.7 m)
     0.52  ride   -133.4   -3.6    69.9    13.5   1355      7   624     9 | 0.34 1.000 null 1.02 (3.6 m)
     1.02  ride   -129.2   -8.2    65.7     8.4   1540      8   618     9 | 0.37 1.000 null 0.98 (3.8 m)
     1.52  ride   -125.1  -12.9    47.6    11.3   1355      7   612     9 | 0.39 1.000 null 1.09 (4.0 m)
     2.02  ride   -121.0  -17.5   107.9    20.3   1355      7   606     9 | 0.36 1.000 null 1.23 (4.0 m)
     2.52  ride   -117.1  -22.1    40.0     8.6   1355      7   601     9 | 0.33 1.000 null 1.36 (3.9 m)
     3.02  ride   -113.0  -26.8    52.6     8.7   1540      8   594     9 | 0.30 1.000 null 1.48 (3.8 m)
     3.52  ride   -108.9  -31.6    53.2    12.0   1355      7   585     9 | 0.29 1.000 null 1.61 (3.8 m)
     4.02  ride   -104.6  -36.6    57.8    12.2   1355      7   575     9 | 0.27 1.000 null 1.77 (3.9 m)
     4.52  ride   -100.2  -41.8    70.5    11.5   1540      8   609     9 | 0.26 1.000 null 1.95 (4.2 m)
     5.02  ride    -95.7  -47.2    45.1     9.9   1355      7   593     9 | 0.24 1.000 null 2.15 (4.6 m)
     5.52  ride    -91.1  -52.8    76.8    13.8   1540      8   579     9 | 0.22 1.000 null 2.37 (5.1 m)
# riding steps 390: step ms median 58.3 mean 62.5; trace ms median 11.3; sums/step mean 1435; curves/step mean 7.4 (at g = 1: 0.0); sums per curve 193
## ft 12
# 12 ft 15 s, wave 8.35 m, take-off (-143.6, 5.0), arrive 399.78 s
#  t-arrive  phase   x      z     stepMs  traceMs  sums  curves  live  waves | nearest station: phase rho tb until
    -5.98  paddle -143.6    5.0     7.2     4.4     20      0   273     9 | 0.01 1.000 null 6.81 (68.0 m)
    -5.48  paddle -144.2    5.2     5.0     4.2     20      0   266     9 | 0.02 1.000 null 6.53 (61.6 m)
    -4.98  paddle -145.2    5.6     4.3     3.6     20      0   303     9 | 0.03 1.000 null 6.07 (54.7 m)
    -4.48  paddle -146.3    6.1     4.3     3.8     20      0   322     9 | 0.04 1.000 null 5.58 (47.7 m)
    -3.98  paddle -147.5    6.5    16.0     4.1    610      3   312     9 | 0.06 1.000 null 5.04 (40.7 m)
    -3.48  paddle -148.5    7.0    10.4     3.7    430      2   338     9 | 0.08 1.000 null 4.53 (33.8 m)
    -2.98  paddle -149.5    7.4    10.9     3.7    430      2   373     9 | 0.11 1.000 null 4.02 (27.0 m)
    -2.48  paddle -150.4    7.8    16.4     4.1    615      3   420     9 | 0.14 1.000 null 3.52 (20.3 m)
    -1.98  paddle -151.3    8.2    12.9     4.4    430      2   488     9 | 0.17 1.000 null 3.02 (13.6 m)
    -1.48  paddle -151.8    8.4    13.9     5.1    620      3   595     9 | 0.21 1.000 null 2.52 (7.3 m)
    -0.98  ride   -148.6    7.0    27.9     5.8   1160      6   640     9 | 0.25 1.000 null 2.01 (5.3 m)
    -0.48  ride   -144.5    3.7    32.4     7.6   1355      7   642     9 | 0.28 1.000 null 1.67 (4.8 m)
     0.02  ride   -140.5   -0.5    34.1     6.2   1355      7   642     9 | 0.30 1.000 null 1.43 (4.6 m)
     0.52  ride   -136.2   -5.0    44.3     7.4   1540      8   633     9 | 0.31 1.000 null 1.28 (4.9 m)
     1.02  ride   -131.7   -9.9    30.0     6.1   1540      8   624     9 | 0.33 1.000 null 1.27 (5.5 m)
     1.52  ride   -127.3  -15.2    32.7     8.6   1540      8   611     9 | 0.31 1.000 null 1.48 (6.0 m)
     2.02  ride   -123.2  -20.8    27.6     5.7   1355      7   599     9 | 0.28 1.000 null 1.79 (6.4 m)
     2.52  ride   -119.2  -26.6    28.6     5.8   1540      8   585     9 | 0.24 1.000 null 2.13 (6.7 m)
     3.02  ride   -115.1  -32.5    29.2     5.6   1355      7   571     9 | 0.22 1.000 null 2.48 (6.9 m)
     3.52  ride   -110.9  -38.6    29.6     6.4   1355      7   551     9 | 0.19 1.000 null 2.85 (7.3 m)
     4.02  ride   -106.6  -44.8    24.4     5.1   1355      7   531     9 | 0.16 1.000 null 3.25 (7.8 m)
     4.52  ride   -102.3  -51.1    38.6     6.7   1540      8   552     9 | 0.14 1.000 null 3.67 (8.5 m)
     5.02  ride    -98.0  -57.6    31.7     5.2   1355      7   533     9 | 0.11 1.000 null 4.16 (9.2 m)
     5.52  ride    -93.6  -64.2    30.4     6.1   1355      7   511     9 | 0.08 1.000 null 4.65 (10.0 m)
# riding steps 421: step ms median 30.9 mean 32.3; trace ms median 6.2; sums/step mean 1406; curves/step mean 7.3 (at g = 1: 0.0); sums per curve 193
