## ft 7
# 7 ft 15 s, wave 4.49 m, take-off (-140.4, 3.7), arrive 400.11 s
#  t-arrive  phase   x      z     stepMs  traceMs  sums  curves  live  waves | nearest station: phase rho tb until
    -5.98  paddle -140.4    3.7    17.1    10.9     20      0   234     9 | 0.01 1.000 null 6.84 (67.7 m)
    -5.48  paddle -140.6    3.8    11.3     9.2     20      0   268     9 | 0.01 1.000 null 6.58 (61.6 m)
    -4.98  paddle -141.2    4.0    10.9     9.4     20      0   265     9 | 0.03 1.000 null 6.08 (55.3 m)
    -4.48  paddle -141.8    4.2     8.1     7.0     20      0   299     9 | 0.04 1.000 null 5.58 (48.9 m)
    -3.98  paddle -142.4    4.4    11.0     9.4     20      0   300     9 | 0.06 1.000 null 5.10 (42.4 m)
    -3.48  paddle -143.0    4.7     6.3     5.1     20      0   326     9 | 0.08 1.000 null 4.59 (36.0 m)
    -2.98  paddle -143.6    4.9    12.5    10.7     20      0   357     9 | 0.11 1.000 null 4.05 (29.6 m)
    -2.48  paddle -144.2    5.2    46.6     8.5    210      1   391     9 | 0.14 1.000 null 3.58 (23.2 m)
    -1.98  paddle -144.8    5.4    38.0    10.8    620      3   436     9 | 0.17 1.000 null 3.08 (16.9 m)
    -1.48  paddle -145.2    5.6    36.7    12.5    620      3   508     9 | 0.20 1.000 null 2.57 (10.9 m)
    -0.98  paddle -145.1    5.6    43.4    11.7    620      3   609     9 | 0.24 1.000 null 2.07 (5.4 m)
    -0.48  ride   -141.4    4.0    67.5    13.3   1170      6   626     9 | 0.29 1.000 null 1.57 (4.0 m)
     0.02  ride   -137.3    0.7    81.9    11.8   1355      7   627     9 | 0.32 1.000 null 1.22 (3.7 m)
     0.52  ride   -133.4   -3.6    93.8    20.2   1355      7   624     9 | 0.34 1.000 null 1.02 (3.6 m)
     1.02  ride   -129.2   -8.2    83.0    15.7   1540      8   618     9 | 0.37 1.000 null 0.98 (3.8 m)
     1.52  ride   -125.1  -12.9    84.1    16.5   1355      7   613     9 | 0.39 1.000 null 1.09 (4.0 m)
     2.02  ride   -121.0  -17.5    82.8    16.0   1355      7   606     9 | 0.36 1.000 null 1.23 (4.0 m)
     2.52  ride   -117.1  -22.1    82.1    16.6   1355      7   601     9 | 0.33 1.000 null 1.36 (3.9 m)
     3.02  ride   -113.0  -26.8    94.5    18.3   1540      8   594     9 | 0.30 1.000 null 1.48 (3.8 m)
     3.52  ride   -108.9  -31.6    78.6    14.6   1355      7   585     9 | 0.29 1.000 null 1.61 (3.8 m)
     4.02  ride   -104.6  -36.6    82.7    16.0   1355      7   575     9 | 0.27 1.000 null 1.77 (3.9 m)
     4.52  ride   -100.2  -41.8    83.6    13.7   1540      8   609     9 | 0.26 1.000 null 1.95 (4.2 m)
     5.02  ride    -95.7  -47.2    43.7     8.0   1355      7   593     9 | 0.24 1.000 null 2.15 (4.6 m)
     5.52  ride    -91.1  -52.8    29.4     4.4   1540      8   579     9 | 0.22 1.000 null 2.37 (5.1 m)
# riding steps 390: step ms median 84.1 mean 78.2; trace ms median 15.7; sums/step mean 1435; curves/step mean 7.4 (at g = 1: 0.0); sums per curve 193
## ft 12
# 12 ft 15 s, wave 8.35 m, take-off (-143.6, 5.0), arrive 399.78 s
#  t-arrive  phase   x      z     stepMs  traceMs  sums  curves  live  waves | nearest station: phase rho tb until
    -5.98  paddle -143.6    5.0     9.0     4.4     20      0   273     9 | 0.01 1.000 null 6.81 (68.0 m)
    -5.48  paddle -144.2    5.2     3.6     3.0     20      0   266     9 | 0.02 1.000 null 6.53 (61.6 m)
    -4.98  paddle -145.2    5.6     3.6     2.7     20      0   303     9 | 0.03 1.000 null 6.07 (54.7 m)
    -4.48  paddle -146.3    6.1     3.5     3.1     20      0   322     9 | 0.04 1.000 null 5.58 (47.7 m)
    -3.98  paddle -147.5    6.5    19.9     4.9    610      3   312     9 | 0.06 1.000 null 5.04 (40.7 m)
    -3.48  paddle -148.5    7.0     9.3     3.2    430      2   338     9 | 0.08 1.000 null 4.53 (33.8 m)
    -2.98  paddle -149.5    7.4    13.1     3.6    430      2   373     9 | 0.11 1.000 null 4.02 (27.0 m)
    -2.48  paddle -150.4    7.8    11.4     3.5    615      3   420     9 | 0.14 1.000 null 3.52 (20.3 m)
    -1.98  paddle -151.3    8.2     9.5     3.5    430      2   488     9 | 0.17 1.000 null 3.02 (13.6 m)
    -1.48  paddle -151.8    8.4    17.0     6.4    620      3   595     9 | 0.21 1.000 null 2.52 (7.3 m)
    -0.98  ride   -148.6    7.0    17.6     4.5   1160      6   641     9 | 0.25 1.000 null 2.01 (5.3 m)
    -0.48  ride   -144.5    3.7    30.3     5.5   1355      7   642     9 | 0.28 1.000 null 1.67 (4.8 m)
     0.02  ride   -140.5   -0.5    24.1     4.3   1355      7   642     9 | 0.30 1.000 null 1.43 (4.6 m)
     0.52  ride   -136.2   -5.0    24.5     4.9   1540      8   633     9 | 0.31 1.000 null 1.28 (4.9 m)
     1.02  ride   -131.7   -9.9    23.0     4.4   1540      8   624     9 | 0.33 1.000 null 1.27 (5.5 m)
     1.52  ride   -127.3  -15.2    22.3     4.5   1540      8   611     9 | 0.31 1.000 null 1.48 (6.0 m)
     2.02  ride   -123.2  -20.8    24.6     4.4   1355      7   599     9 | 0.28 1.000 null 1.79 (6.4 m)
     2.52  ride   -119.2  -26.6    23.9     3.8   1540      8   585     9 | 0.24 1.000 null 2.13 (6.7 m)
     3.02  ride   -115.1  -32.5    23.8     4.2   1355      7   571     9 | 0.22 1.000 null 2.48 (6.9 m)
     3.52  ride   -110.9  -38.6    24.0     4.4   1355      7   551     9 | 0.19 1.000 null 2.85 (7.3 m)
     4.02  ride   -106.6  -44.8    39.7     7.3   1355      7   531     9 | 0.16 1.000 null 3.25 (7.8 m)
     4.52  ride   -102.3  -51.1    27.7     4.7   1540      8   552     9 | 0.14 1.000 null 3.67 (8.5 m)
     5.02  ride    -98.0  -57.6    18.4     3.7   1355      7   533     9 | 0.11 1.000 null 4.16 (9.2 m)
     5.52  ride    -93.6  -64.2    18.0     3.5   1355      7   511     9 | 0.08 1.000 null 4.65 (10.0 m)
# riding steps 421: step ms median 23.5 mean 24.9; trace ms median 4.7; sums/step mean 1406; curves/step mean 7.3 (at g = 1: 0.0); sums per curve 193
