## ft 7
# 7 ft 15 s, wave 4.49 m, take-off (-140.4, 3.7), arrive 400.11 s
#  t-arrive  phase   x      z     stepMs  traceMs  sums  curves  live  waves | nearest station: phase rho tb until
    -5.98  paddle -140.4    3.7     8.9     5.2     20      0   234     9 | 0.01 1.000 null 6.84 (67.7 m)
    -5.48  paddle -140.6    3.8     3.9     3.4     20      0   268     9 | 0.01 1.000 null 6.58 (61.6 m)
    -4.98  paddle -141.2    4.0     3.9     3.5     20      0   265     9 | 0.03 1.000 null 6.08 (55.3 m)
    -4.48  paddle -141.8    4.2     4.0     3.6     20      0   299     9 | 0.04 1.000 null 5.58 (48.9 m)
    -3.98  paddle -142.4    4.4     5.2     4.7     20      0   300     9 | 0.06 1.000 null 5.10 (42.4 m)
    -3.48  paddle -143.0    4.7     5.5     4.8     20      0   326     9 | 0.08 1.000 null 4.59 (36.0 m)
    -2.98  paddle -143.6    4.9     4.7     4.1     20      0   357     9 | 0.11 1.000 null 4.05 (29.6 m)
    -2.48  paddle -144.2    5.2    18.2     4.1    210      1   389     9 | 0.14 1.000 null 3.58 (23.2 m)
    -1.98  paddle -144.8    5.4    17.2     4.9    620      3   436     9 | 0.17 1.000 null 3.08 (16.9 m)
    -1.48  paddle -145.2    5.6    16.2     5.2    620      3   508     9 | 0.20 1.000 null 2.57 (10.9 m)
    -0.98  paddle -145.1    5.6    16.5     5.9    620      3   609     9 | 0.24 1.000 null 2.07 (5.4 m)
    -0.48  ride   -141.4    4.0    29.3     6.7   1170      6   625     9 | 0.29 1.000 null 1.57 (4.0 m)
     0.02  ride   -137.3    0.7    26.0     6.0   1355      7   627     9 | 0.32 1.000 null 1.22 (3.7 m)
     0.52  ride   -133.4   -3.6    38.4     9.4   1355      7   624     9 | 0.34 1.000 null 1.02 (3.6 m)
     1.02  ride   -129.2   -8.2    30.5     6.3   1540      8   618     9 | 0.39 1.000 null 0.98 (3.8 m)
     1.52  ride   -125.1  -12.8    28.2     5.9   1350      7   612     9 | 0.40 1.000 null 1.09 (4.0 m)
     2.02  ride   -121.1  -17.4    31.9     8.3   1350      7   607     9 | 0.37 1.000 null 1.22 (4.0 m)
     2.52  ride   -117.1  -22.0    28.8     6.6   1355      7   601     9 | 0.33 1.000 null 1.34 (3.9 m)
     3.02  ride   -113.1  -26.6    36.4     6.1   1540      8   595     9 | 0.31 1.000 null 1.46 (3.7 m)
     3.52  ride   -108.9  -31.4    27.5     7.1   1355      7   588     9 | 0.29 1.000 null 1.58 (3.7 m)
     4.02  ride   -104.7  -36.3    28.5     5.9   1540      8   576     9 | 0.28 1.000 null 1.73 (3.8 m)
     4.52  ride   -100.2  -41.4    31.5     7.2   1350      7   610     9 | 0.26 1.000 null 1.89 (4.0 m)
     5.02  ride    -95.7  -46.8    33.8     6.5   1540      8   595     9 | 0.25 1.000 null 2.08 (4.4 m)
     5.52  ride    -91.2  -52.4    45.8    10.8   1540      8   583     9 | 0.23 1.000 null 2.29 (4.9 m)
# riding steps 390: step ms median 31.0 mean 31.4; trace ms median 6.5; sums/step mean 1432; curves/step mean 7.4 (at g = 1: 0.0); sums per curve 193
## ft 12
# 12 ft 15 s, wave 8.35 m, take-off (-143.6, 5.0), arrive 399.78 s
#  t-arrive  phase   x      z     stepMs  traceMs  sums  curves  live  waves | nearest station: phase rho tb until
    -5.98  paddle -143.6    5.0     7.8     4.6     20      0   273     9 | 0.01 1.000 null 6.81 (68.0 m)
    -5.48  paddle -144.2    5.2     5.3     4.5     20      0   266     9 | 0.02 1.000 null 6.53 (61.6 m)
    -4.98  paddle -145.2    5.6     5.9     5.3     20      0   303     9 | 0.03 1.000 null 6.07 (54.7 m)
    -4.48  paddle -146.3    6.1     4.2     3.7     20      0   322     9 | 0.04 1.000 null 5.58 (47.7 m)
    -3.98  paddle -147.5    6.5    16.9     3.9    610      3   312     9 | 0.06 1.000 null 5.04 (40.7 m)
    -3.48  paddle -148.5    7.0    11.3     4.0    430      2   338     9 | 0.08 1.000 null 4.53 (33.8 m)
    -2.98  paddle -149.5    7.4    11.4     3.6    430      2   373     9 | 0.11 1.000 null 4.02 (27.0 m)
    -2.48  paddle -150.4    7.8    13.7     4.4    615      3   420     9 | 0.14 1.000 null 3.52 (20.3 m)
    -1.98  paddle -151.3    8.2    37.6    12.8    430      2   488     9 | 0.17 1.000 null 3.02 (13.6 m)
    -1.48  paddle -151.8    8.4    51.9    19.0    620      3   595     9 | 0.21 1.000 null 2.52 (7.3 m)
    -0.98  ride   -148.6    7.0    81.0    17.4   1160      6   640     9 | 0.25 1.000 null 2.01 (5.3 m)
    -0.48  ride   -144.5    3.7    82.7    14.6   1355      7   642     9 | 0.28 1.000 null 1.67 (4.8 m)
     0.02  ride   -140.5   -0.5    87.5    16.2   1355      7   642     9 | 0.30 1.000 null 1.43 (4.6 m)
     0.52  ride   -136.2   -5.0   100.7    16.7   1540      8   633     9 | 0.31 1.000 null 1.28 (4.9 m)
     1.02  ride   -131.7   -9.9   102.4    16.8   1540      8   624     9 | 0.33 1.000 null 1.27 (5.5 m)
     1.52  ride   -127.3  -15.2   101.1    18.0   1540      8   611     9 | 0.32 1.000 null 1.48 (6.0 m)
     2.02  ride   -123.2  -20.8    97.7    15.9   1540      8   599     9 | 0.28 1.000 null 1.80 (6.4 m)
     2.52  ride   -119.2  -26.6    97.6    16.4   1540      8   585     9 | 0.24 1.000 null 2.13 (6.7 m)
     3.02  ride   -115.1  -32.5    89.5    15.1   1355      7   571     9 | 0.22 1.000 null 2.48 (6.9 m)
     3.52  ride   -110.9  -38.6    28.3     5.5   1355      7   551     9 | 0.19 1.000 null 2.85 (7.3 m)
     4.02  ride   -106.6  -44.8    29.8     5.5   1355      7   531     9 | 0.16 1.000 null 3.25 (7.8 m)
     4.52  ride   -102.3  -51.1    32.8     5.2   1540      8   553     9 | 0.14 1.000 null 3.67 (8.5 m)
     5.02  ride    -98.0  -57.6    24.4     4.9   1355      7   533     9 | 0.11 1.000 null 4.15 (9.2 m)
     5.52  ride    -93.6  -64.2    23.9     4.4   1355      7   511     9 | 0.08 1.000 null 4.64 (10.0 m)
# riding steps 421: step ms median 87.0 mean 69.8; trace ms median 15.5; sums/step mean 1405; curves/step mean 7.3 (at g = 1: 0.0); sums per curve 193
