# 12 ft, t 396.124 s: the board on the section at u 5.466 m (slope under it 2.00, clamped at 2)
# station x -24.946 z 54.274 n (0.7423, -0.6701) A 6.3642 phase 0.2522 hollow 1.0000 rho 1.000 H 8.250
# u (m, along the normal) | u/A | sheet y above still water (m) | slope dy/du | label offset along n (m)
-50.9133 | -8.0000 | -3.3050 | 0.104 | -55.7047
-50.6581 | -7.9599 | -3.2787 | 0.106 | -55.4711
-50.4029 | -7.9198 | -3.2521 | 0.107 | -55.2369
-50.1477 | -7.8797 | -3.2250 | 0.109 | -55.0023
-49.8925 | -7.8396 | -3.1976 | 0.110 | -54.7672
-49.6373 | -7.7995 | -3.1697 | 0.112 | -54.5315
-49.3821 | -7.7594 | -3.1414 | 0.113 | -54.2954
-49.1269 | -7.7193 | -3.1127 | 0.115 | -54.0588
-48.8717 | -7.6792 | -3.0836 | 0.116 | -53.8217
-48.6164 | -7.6391 | -3.0540 | 0.118 | -53.5840
-48.3612 | -7.5990 | -3.0240 | 0.119 | -53.3459
-48.1060 | -7.5589 | -2.9936 | 0.121 | -53.1073
-47.8508 | -7.5188 | -2.9628 | 0.122 | -52.8681
-47.5956 | -7.4787 | -2.9315 | 0.124 | -52.6284
-47.3404 | -7.4386 | -2.8998 | 0.125 | -52.3882
-47.0852 | -7.3985 | -2.8677 | 0.127 | -52.1475
-46.8300 | -7.3584 | -2.8351 | 0.129 | -51.9063
-46.5748 | -7.3183 | -2.8020 | 0.130 | -51.6645
-46.3196 | -7.2782 | -2.7686 | 0.132 | -51.4222
-46.0644 | -7.2381 | -2.7346 | 0.133 | -51.1794
-45.8092 | -7.1980 | -2.7003 | 0.135 | -50.9361
-45.5540 | -7.1579 | -2.6655 | 0.136 | -50.6922
-45.2988 | -7.1178 | -2.6302 | 0.138 | -50.4478
-45.0436 | -7.0777 | -2.5945 | 0.140 | -50.2029
-44.7884 | -7.0376 | -2.5583 | 0.141 | -49.9574
-44.5332 | -6.9975 | -2.5217 | 0.143 | -49.7114
-44.2780 | -6.9574 | -2.4846 | 0.144 | -49.4649
-44.0228 | -6.9173 | -2.4470 | 0.146 | -49.2178
-43.7676 | -6.8772 | -2.4090 | 0.147 | -48.9702
-43.5124 | -6.8371 | -2.3706 | 0.149 | -48.7221
-43.2572 | -6.7970 | -2.3317 | 0.151 | -48.4734
-43.0020 | -6.7569 | -2.2923 | 0.152 | -48.2242
-42.7467 | -6.7168 | -2.2525 | 0.154 | -47.9745
-42.4915 | -6.6767 | -2.2122 | 0.155 | -47.7242
-42.2363 | -6.6366 | -2.1714 | 0.157 | -47.4734
-41.9811 | -6.5965 | -2.1302 | 0.158 | -47.2220
-41.7259 | -6.5564 | -2.0885 | 0.160 | -46.9701
-41.4707 | -6.5163 | -2.0464 | 0.162 | -46.7177
-41.2155 | -6.4762 | -2.0038 | 0.163 | -46.4647
-40.9603 | -6.4361 | -1.9608 | 0.165 | -46.2113
-40.7051 | -6.3960 | -1.9173 | 0.166 | -45.9572
-40.4499 | -6.3559 | -1.8734 | 0.168 | -45.7027
-40.1947 | -6.3158 | -1.8290 | 0.169 | -45.4476
-39.9395 | -6.2757 | -1.7841 | 0.171 | -45.1920
-39.6843 | -6.2356 | -1.7388 | 0.172 | -44.9359
-39.4291 | -6.1955 | -1.6931 | 0.174 | -44.6792
-39.1739 | -6.1554 | -1.6469 | 0.175 | -44.4220
-38.9187 | -6.1153 | -1.6003 | 0.177 | -44.1644
-38.6635 | -6.0752 | -1.5533 | 0.178 | -43.9061
-38.4083 | -6.0351 | -1.5058 | 0.180 | -43.6474
-38.1531 | -5.9950 | -1.4578 | 0.181 | -43.3881
-37.8979 | -5.9549 | -1.4094 | 0.182 | -43.1283
-37.6427 | -5.9148 | -1.3606 | 0.184 | -42.8680
-37.3875 | -5.8747 | -1.3114 | 0.185 | -42.6071
-37.1322 | -5.8346 | -1.2617 | 0.187 | -42.3457
-36.8770 | -5.7945 | -1.2116 | 0.188 | -42.0838
-36.6218 | -5.7544 | -1.1610 | 0.189 | -41.8214
-36.3666 | -5.7143 | -1.1101 | 0.191 | -41.5584
-36.1114 | -5.6742 | -1.0588 | 0.192 | -41.2950
-35.8562 | -5.6341 | -1.0070 | 0.193 | -41.0310
-35.6010 | -5.5940 | -0.9549 | 0.195 | -40.7665
-35.3458 | -5.5539 | -0.9023 | 0.196 | -40.5016
-35.0906 | -5.5138 | -0.8494 | 0.197 | -40.2361
-34.8354 | -5.4737 | -0.7961 | 0.198 | -39.9701
-34.5802 | -5.4336 | -0.7425 | 0.200 | -39.7037
-34.3250 | -5.3935 | -0.6884 | 0.201 | -39.4368
-34.0698 | -5.3534 | -0.6341 | 0.202 | -39.1694
-33.8146 | -5.3133 | -0.5794 | 0.203 | -38.9015
-33.5594 | -5.2732 | -0.5243 | 0.204 | -38.6331
-33.3042 | -5.2331 | -0.4689 | 0.205 | -38.3643
-33.0490 | -5.1930 | -0.4132 | 0.206 | -38.0951
-32.7938 | -5.1529 | -0.3572 | 0.207 | -37.8254
-32.5386 | -5.1128 | -0.3008 | 0.208 | -37.5552
-32.2834 | -5.0727 | -0.2442 | 0.209 | -37.2846
-32.0282 | -5.0326 | -0.1873 | 0.210 | -37.0136
-31.7730 | -4.9925 | -0.1301 | 0.211 | -36.7422
-31.5178 | -4.9524 | -0.0726 | 0.212 | -36.4703
-31.2625 | -4.9123 | -0.0149 | 0.213 | -36.1980
-31.0073 | -4.8722 | 0.0431 | 0.214 | -35.9254
-30.7521 | -4.8321 | 0.1013 | 0.215 | -35.6523
-30.4969 | -4.7920 | 0.1597 | 0.216 | -35.3788
-30.2417 | -4.7519 | 0.2184 | 0.216 | -35.1050
-29.9865 | -4.7118 | 0.2773 | 0.217 | -34.8307
-29.7313 | -4.6717 | 0.3364 | 0.218 | -34.5561
-29.4761 | -4.6316 | 0.3957 | 0.219 | -34.2812
-29.2209 | -4.5915 | 0.4551 | 0.219 | -34.0058
-28.9657 | -4.5514 | 0.5147 | 0.220 | -33.7302
-28.7105 | -4.5113 | 0.5745 | 0.220 | -33.4541
-28.4553 | -4.4712 | 0.6345 | 0.221 | -33.1778
-28.2001 | -4.4311 | 0.6945 | 0.222 | -32.9011
-27.9449 | -4.3910 | 0.7547 | 0.222 | -32.6241
-27.6897 | -4.3509 | 0.8150 | 0.223 | -32.3468
-27.4345 | -4.3108 | 0.8755 | 0.223 | -32.0691
-27.1793 | -4.2707 | 0.9360 | 0.223 | -31.7912
-26.9241 | -4.2306 | 0.9966 | 0.224 | -31.5130
-26.6689 | -4.1905 | 1.0573 | 0.224 | -31.2344
-26.4137 | -4.1504 | 1.1180 | 0.224 | -30.9557
-26.1585 | -4.1103 | 1.1788 | 0.225 | -30.6766
-25.9033 | -4.0702 | 1.2397 | 0.225 | -30.3973
-25.6480 | -4.0301 | 1.3005 | 0.225 | -30.1177
-25.3928 | -3.9900 | 1.3614 | 0.225 | -29.8378
-25.1376 | -3.9499 | 1.4223 | 0.225 | -29.5577
-24.8824 | -3.9098 | 1.4832 | 0.225 | -29.2774
-24.6272 | -3.8697 | 1.5441 | 0.225 | -28.9968
-24.3720 | -3.8296 | 1.6049 | 0.226 | -28.7161
-24.1168 | -3.7895 | 1.6657 | 0.225 | -28.4351
-23.8616 | -3.7494 | 1.7265 | 0.225 | -28.1538
-23.6064 | -3.7093 | 1.7872 | 0.225 | -27.8724
-23.3512 | -3.6692 | 1.8478 | 0.225 | -27.5908
-23.0960 | -3.6291 | 1.9084 | 0.225 | -27.3090
-22.8408 | -3.5890 | 1.9688 | 0.225 | -27.0270
-22.5856 | -3.5489 | 2.0292 | 0.225 | -26.7448
-22.3304 | -3.5088 | 2.0895 | 0.224 | -26.4624
-22.0752 | -3.4687 | 2.1496 | 0.224 | -26.1798
-21.8200 | -3.4286 | 2.2096 | 0.223 | -25.8971
-21.5648 | -3.3885 | 2.2695 | 0.223 | -25.6142
-21.3096 | -3.3484 | 2.3292 | 0.223 | -25.3312
-21.0544 | -3.3083 | 2.3887 | 0.222 | -25.0480
-20.7992 | -3.2682 | 2.4481 | 0.222 | -24.7646
-20.5440 | -3.2281 | 2.5073 | 0.221 | -24.4812
-20.2888 | -3.1880 | 2.5663 | 0.220 | -24.1975
-20.0336 | -3.1479 | 2.6251 | 0.220 | -23.9138
-19.7783 | -3.1078 | 2.6837 | 0.219 | -23.6299
-19.5231 | -3.0677 | 2.7420 | 0.218 | -23.3458
-19.2679 | -3.0276 | 2.8001 | 0.217 | -23.0617
-19.0127 | -2.9875 | 2.8579 | 0.217 | -22.7774
-18.7575 | -2.9474 | 2.9156 | 0.216 | -22.4930
-18.5023 | -2.9073 | 2.9730 | 0.215 | -22.2085
-18.2471 | -2.8672 | 3.0300 | 0.214 | -21.9239
-17.9919 | -2.8271 | 3.0868 | 0.213 | -21.6392
-17.7367 | -2.7870 | 3.1433 | 0.212 | -21.3543
-17.4815 | -2.7469 | 3.1995 | 0.211 | -21.0693
-17.2263 | -2.7068 | 3.2553 | 0.209 | -20.7841
-16.9711 | -2.6667 | 3.3108 | 0.208 | -20.4987
-16.7159 | -2.6266 | 3.3659 | 0.207 | -20.2132
-16.4607 | -2.5865 | 3.4207 | 0.206 | -19.9275
-16.2055 | -2.5464 | 3.4751 | 0.204 | -19.6417
-15.9503 | -2.5063 | 3.5290 | 0.203 | -19.3557
-15.6951 | -2.4662 | 3.5826 | 0.201 | -19.0695
-15.4399 | -2.4261 | 3.6357 | 0.200 | -18.7832
-15.1847 | -2.3860 | 3.6884 | 0.198 | -18.4967
-14.9295 | -2.3459 | 3.7407 | 0.197 | -18.2100
-14.6743 | -2.3058 | 3.7925 | 0.195 | -17.9232
-14.4191 | -2.2657 | 3.8438 | 0.193 | -17.6362
-14.1638 | -2.2256 | 3.8946 | 0.192 | -17.3491
-13.9086 | -2.1855 | 3.9449 | 0.190 | -17.0617
-13.6534 | -2.1454 | 3.9948 | 0.188 | -16.7743
-13.3982 | -2.1053 | 4.0441 | 0.186 | -16.4866
-13.1430 | -2.0652 | 4.0928 | 0.184 | -16.1988
-12.8878 | -2.0251 | 4.1411 | 0.182 | -15.9108
-12.6326 | -1.9850 | 4.1887 | 0.180 | -15.6226
-12.3774 | -1.9449 | 4.2358 | 0.178 | -15.3343
-12.1222 | -1.9048 | 4.2823 | 0.176 | -15.0458
-11.8670 | -1.8647 | 4.3282 | 0.173 | -14.7571
-11.6118 | -1.8246 | 4.3735 | 0.171 | -14.4682
-11.3566 | -1.7845 | 4.4182 | 0.169 | -14.1792
-11.1014 | -1.7444 | 4.4622 | 0.166 | -13.8900
-10.8462 | -1.7043 | 4.5056 | 0.164 | -13.6006
-10.5910 | -1.6642 | 4.5483 | 0.161 | -13.3110
-10.3358 | -1.6241 | 4.5903 | 0.159 | -13.0214
-10.0806 | -1.5840 | 4.6317 | 0.156 | -12.7315
-9.8254 | -1.5439 | 4.6723 | 0.154 | -12.4414
-9.5702 | -1.5038 | 4.7122 | 0.151 | -12.1510
-9.3150 | -1.4637 | 4.7514 | 0.148 | -11.8606
-9.0598 | -1.4236 | 4.7899 | 0.145 | -11.5700
-8.8046 | -1.3835 | 4.8276 | 0.142 | -11.2792
-8.5493 | -1.3434 | 4.8645 | 0.139 | -10.9882
-8.2941 | -1.3033 | 4.9006 | 0.136 | -10.6969
-8.0389 | -1.2632 | 4.9360 | 0.133 | -10.4056
-7.7837 | -1.2231 | 4.9706 | 0.130 | -10.1142
-7.5285 | -1.1830 | 5.0043 | 0.127 | -9.8225
-7.2733 | -1.1429 | 5.0372 | 0.124 | -9.5305
-7.0181 | -1.1028 | 5.0692 | 0.121 | -9.2383
-6.7629 | -1.0627 | 5.1004 | 0.117 | -8.9462
-6.5077 | -1.0226 | 5.1307 | 0.114 | -8.6539
-6.2525 | -0.9825 | 5.1601 | 0.111 | -8.3613
-5.9973 | -0.9424 | 5.1886 | 0.107 | -8.0684
-5.7421 | -0.9023 | 5.2162 | 0.104 | -7.7755
-5.4869 | -0.8622 | 5.2430 | 0.100 | -7.4826
-5.2317 | -0.8221 | 5.2687 | 0.097 | -7.1894
-4.9765 | -0.7820 | 5.2935 | 0.093 | -6.8959
-4.7213 | -0.7419 | 5.3174 | 0.089 | -6.6021
-4.4661 | -0.7018 | 5.3403 | 0.086 | -6.3086
-4.2109 | -0.6617 | 5.3622 | 0.082 | -6.0149
-3.9557 | -0.6216 | 5.3831 | 0.078 | -5.7209
-3.7005 | -0.5815 | 5.4030 | 0.074 | -5.4266
-3.4453 | -0.5414 | 5.4219 | 0.070 | -5.1322
-3.1901 | -0.5013 | 5.4398 | 0.067 | -4.8382
-2.9349 | -0.4612 | 5.4566 | 0.063 | -4.5438
-2.6796 | -0.4211 | 5.4724 | 0.059 | -4.2491
-2.4244 | -0.3810 | 5.4871 | 0.055 | -3.9541
-2.1692 | -0.3409 | 5.5008 | 0.051 | -3.6595
-1.9140 | -0.3008 | 5.5134 | 0.046 | -3.3649
-1.6588 | -0.2607 | 5.5250 | 0.042 | -3.0699
-1.4036 | -0.2206 | 5.5354 | 0.038 | -2.7746
-1.1484 | -0.1805 | 5.5447 | 0.034 | -2.4791
-0.8932 | -0.1404 | 5.5530 | 0.030 | -2.1845
-0.6380 | -0.1003 | 5.5601 | 0.026 | -1.8895
-0.3828 | -0.0602 | 5.5661 | 0.021 | -1.5941
-0.1276 | -0.0201 | 5.5710 | 0.017 | -1.2984
0.1276 | 0.0201 | 5.5748 | 0.013 | -1.0031
0.3828 | 0.0602 | 5.5774 | 0.008 | -0.7083
0.6380 | 0.1003 | 5.5789 | 0.004 | -0.4131
0.8932 | 0.1404 | 5.5792 | -0.000 | -0.1174
1.1484 | 0.1805 | 5.5783 | -0.006 | 0.1785
1.4036 | 0.2206 | 5.5753 | -0.017 | 0.4735
1.6588 | 0.2607 | 5.5683 | -0.036 | 0.7692
1.9140 | 0.3008 | 5.5550 | -0.065 | 1.0664
2.1692 | 0.3409 | 5.5326 | -0.105 | 1.3658
2.4244 | 0.3810 | 5.4979 | -0.158 | 1.6673
2.6796 | 0.4211 | 5.4473 | -0.226 | 1.9710
2.9349 | 0.4612 | 5.3767 | -0.310 | 2.2793
3.1901 | 0.5013 | 5.2815 | -0.412 | 2.5933
3.4453 | 0.5414 | 5.1565 | -0.534 | 2.9143
3.7005 | 0.5815 | 4.9962 | -0.679 | 3.2415
3.9557 | 0.6216 | 4.7941 | -0.848 | 3.5785
4.2109 | 0.6617 | 4.5433 | -1.042 | 3.9272
4.4661 | 0.7018 | 4.2373 | -1.259 | 4.2892
4.7213 | 0.7419 | 3.8698 | -1.498 | 4.6641
4.9765 | 0.7820 | 3.4360 | -1.749 | 5.0555
5.2317 | 0.8221 | 2.9348 | -1.995 | 5.4639
5.4869 | 0.8622 | 2.3696 | -2.211 | 5.8883
5.7421 | 0.9023 | 1.7518 | -2.364 | 6.3271
5.9973 | 0.9424 | 1.1025 | -2.420 | 6.7773
6.2525 | 0.9825 | 0.4467 | -2.360 | 7.2337
6.5077 | 1.0226 | -0.1861 | -2.189 | 7.6909
6.7629 | 1.0627 | -0.7656 | -1.935 | 8.1417
7.0181 | 1.1028 | -1.2760 | -1.641 | 8.5813
7.2733 | 1.1429 | -1.7063 | -1.340 | 9.0067
7.5285 | 1.1830 | -2.0525 | -1.060 | 9.4137
7.7837 | 1.2231 | -2.3241 | -0.815 | 9.8023
8.0389 | 1.2632 | -2.5314 | -0.606 | 10.1755
8.2941 | 1.3033 | -2.6811 | -0.434 | 10.5323
8.5493 | 1.3434 | -2.7847 | -0.295 | 10.8749
8.8046 | 1.3835 | -2.8532 | -0.184 | 11.2072
9.0598 | 1.4236 | -2.8929 | -0.096 | 11.5305
9.3150 | 1.4637 | -2.9103 | -0.030 | 11.8458
9.5702 | 1.5038 | -2.9113 | 0.019 | 12.1548
9.8254 | 1.5439 | -2.9005 | 0.054 | 12.4601
10.0806 | 1.5840 | -2.8815 | 0.078 | 12.7624
10.3358 | 1.6241 | -2.8576 | 0.091 | 13.0620
10.5910 | 1.6642 | -2.8316 | 0.096 | 13.3598
10.8462 | 1.7043 | -2.8050 | 0.095 | 13.6567
11.1014 | 1.7444 | -2.7790 | 0.089 | 13.9539
11.3566 | 1.7845 | -2.7554 | 0.080 | 14.2507
11.6118 | 1.8246 | -2.7348 | 0.069 | 14.5474
11.8670 | 1.8647 | -2.7176 | 0.057 | 14.8441
12.1222 | 1.9048 | -2.7034 | 0.045 | 15.1415
12.3774 | 1.9449 | -2.6924 | 0.034 | 15.4391
12.6326 | 1.9850 | -2.6844 | 0.025 | 15.7363
12.8878 | 2.0251 | -2.6789 | 0.016 | 16.0331
13.1430 | 2.0652 | -2.6753 | 0.010 | 16.3295
13.3982 | 2.1053 | -2.6732 | 0.006 | 16.6251
13.6534 | 2.1454 | -2.6720 | 0.003 | 16.9195
13.9086 | 2.1855 | -2.6714 | 0.001 | 17.2123
14.1638 | 2.2256 | -2.6711 | 0.000 | 17.5042
14.4191 | 2.2657 | -2.6710 | -0.000 | 17.7961
14.6743 | 2.3058 | -2.6711 | -0.001 | 18.0876
14.9295 | 2.3459 | -2.6714 | -0.002 | 18.3787
15.1847 | 2.3860 | -2.6719 | -0.003 | 18.6695
15.4399 | 2.4261 | -2.6727 | -0.004 | 18.9603
15.6951 | 2.4662 | -2.6737 | -0.004 | 19.2508
15.9503 | 2.5063 | -2.6749 | -0.005 | 19.5409
16.2055 | 2.5464 | -2.6763 | -0.006 | 19.8307
16.4607 | 2.5865 | -2.6779 | -0.007 | 20.1201
16.7159 | 2.6266 | -2.6798 | -0.008 | 20.4097
16.9711 | 2.6667 | -2.6817 | -0.009 | 20.6986
17.2263 | 2.7068 | -2.6833 | -0.009 | 20.9864
17.4815 | 2.7469 | -2.6844 | -0.010 | 21.2727
17.7367 | 2.7870 | -2.6851 | -0.011 | 21.5579
17.9919 | 2.8271 | -2.6853 | -0.012 | 21.8417
18.2471 | 2.8672 | -2.6848 | -0.012 | 22.1236
18.5023 | 2.9073 | -2.6834 | -0.013 | 22.4036
18.7575 | 2.9474 | -2.6813 | -0.014 | 22.6815
19.0127 | 2.9875 | -2.6785 | -0.015 | 22.9577
19.2679 | 3.0276 | -2.6749 | -0.015 | 23.2315
19.5231 | 3.0677 | -2.6703 | -0.016 | 23.5028
19.7783 | 3.1078 | -2.6648 | -0.017 | 23.7717
20.0336 | 3.1479 | -2.6582 | -0.018 | 24.0382
20.2888 | 3.1880 | -2.6507 | -0.018 | 24.3027
20.5440 | 3.2281 | -2.6421 | -0.019 | 24.5645
20.7992 | 3.2682 | -2.6323 | -0.020 | 24.8237
21.0544 | 3.3083 | -2.6214 | -0.020 | 25.0803
21.3096 | 3.3484 | -2.6093 | -0.021 | 25.3343
21.5648 | 3.3885 | -2.5965 | -0.021 | 25.5865
21.8200 | 3.4286 | -2.5825 | -0.022 | 25.8361
22.0752 | 3.4687 | -2.5673 | -0.022 | 26.0831
22.3304 | 3.5088 | -2.5510 | -0.023 | 26.3275
22.5856 | 3.5489 | -2.5335 | -0.023 | 26.5694
22.8408 | 3.5890 | -2.5154 | -0.023 | 26.8097
23.0960 | 3.6291 | -2.4962 | -0.024 | 27.0478
23.3512 | 3.6692 | -2.4761 | -0.024 | 27.2836
23.6064 | 3.7093 | -2.4550 | -0.024 | 27.5171
23.8616 | 3.7494 | -2.4329 | -0.024 | 27.7484
24.1168 | 3.7895 | -2.4097 | -0.025 | 27.9774
24.3720 | 3.8296 | -2.3862 | -0.025 | 28.2056
24.6272 | 3.8697 | -2.3620 | -0.025 | 28.4319
24.8824 | 3.9098 | -2.3369 | -0.025 | 28.6562
25.1376 | 3.9499 | -2.3112 | -0.025 | 28.8787
25.3928 | 3.9900 | -2.2846 | -0.025 | 29.0994
25.6480 | 4.0301 | -2.2573 | -0.025 | 29.3181
25.9033 | 4.0702 | -2.2300 | -0.025 | 29.5371
26.1585 | 4.1103 | -2.2023 | -0.025 | 29.7545
26.4137 | 4.1504 | -2.1741 | -0.025 | 29.9704
26.6689 | 4.1905 | -2.1453 | -0.025 | 30.1849
26.9241 | 4.2306 | -2.1160 | -0.024 | 30.3981
27.1793 | 4.2707 | -2.0863 | -0.024 | 30.6100
27.4345 | 4.3108 | -2.0564 | -0.024 | 30.8223
27.6897 | 4.3509 | -2.0268 | -0.024 | 31.0342
27.9449 | 4.3910 | -1.9969 | -0.024 | 31.2450
28.2001 | 4.4311 | -1.9668 | -0.024 | 31.4549
28.4553 | 4.4712 | -1.9363 | -0.023 | 31.6641
28.7105 | 4.5113 | -1.9056 | -0.023 | 31.8725
28.9657 | 4.5514 | -1.8746 | -0.023 | 32.0803
29.2209 | 4.5915 | -1.8442 | -0.023 | 32.2899
29.4761 | 4.6316 | -1.8140 | -0.023 | 32.4985
29.7313 | 4.6717 | -1.7837 | -0.023 | 32.7066
29.9865 | 4.7118 | -1.7533 | -0.022 | 32.9145
30.2417 | 4.7519 | -1.7228 | -0.022 | 33.1220
30.4969 | 4.7920 | -1.6924 | -0.022 | 33.3293
30.7521 | 4.8321 | -1.6619 | -0.022 | 33.5374
31.0073 | 4.8722 | -1.6326 | -0.022 | 33.7468
31.2625 | 4.9123 | -1.6035 | -0.022 | 33.9559
31.5178 | 4.9524 | -1.5745 | -0.022 | 34.1649
31.7730 | 4.9925 | -1.5457 | -0.022 | 34.3742
32.0282 | 5.0326 | -1.5172 | -0.022 | 34.5836
32.2834 | 5.0727 | -1.4888 | -0.022 | 34.7933
32.5386 | 5.1128 | -1.4612 | -0.022 | 35.0050
32.7938 | 5.1529 | -1.4348 | -0.022 | 35.2176
33.0490 | 5.1930 | -1.4089 | -0.022 | 35.4305
33.3042 | 5.2331 | -1.3834 | -0.022 | 35.6440
33.5594 | 5.2732 | -1.3584 | -0.022 | 35.8581
33.8146 | 5.3133 | -1.3339 | -0.022 | 36.0730
34.0698 | 5.3534 | -1.3100 | -0.022 | 36.2888
34.3250 | 5.3935 | -1.2880 | -0.022 | 36.5077
34.5802 | 5.4336 | -1.2668 | -0.022 | 36.7273
34.8354 | 5.4737 | -1.2465 | -0.023 | 36.9480
35.0906 | 5.5138 | -1.2270 | -0.023 | 37.1699
35.3458 | 5.5539 | -1.2084 | -0.023 | 37.3932
35.6010 | 5.5940 | -1.1908 | -0.023 | 37.6178
35.8562 | 5.6341 | -1.1753 | -0.023 | 37.8458
36.1114 | 5.6742 | -1.1613 | -0.023 | 38.0760
36.3666 | 5.7143 | -1.1486 | -0.024 | 38.3080
36.6218 | 5.7544 | -1.1372 | -0.024 | 38.5421
36.8770 | 5.7945 | -1.1272 | -0.024 | 38.7783
37.1322 | 5.8346 | -1.1188 | -0.024 | 39.0169
37.3875 | 5.8747 | -1.1132 | -0.024 | 39.2601
37.6427 | 5.9148 | -1.1097 | -0.025 | 39.5064
37.8979 | 5.9549 | -1.1071 | -0.025 | 39.7542
38.1531 | 5.9950 | -1.1046 | -0.025 | 40.0019
38.4083 | 6.0351 | -1.1022 | -0.025 | 40.2495
38.6635 | 6.0752 | -1.1004 | -0.026 | 40.4979
38.9187 | 6.1153 | -1.0994 | -0.026 | 40.7475
39.1739 | 6.1554 | -1.0984 | -0.026 | 40.9970
39.4291 | 6.1955 | -1.0975 | -0.026 | 41.2464
39.6843 | 6.2356 | -1.0967 | -0.026 | 41.4957
39.9395 | 6.2757 | -1.0959 | -0.027 | 41.7451
40.1947 | 6.3158 | -1.0962 | -0.027 | 41.9959
40.4499 | 6.3559 | -1.0966 | -0.027 | 42.2466
40.7051 | 6.3960 | -1.0971 | -0.027 | 42.4973
40.9603 | 6.4361 | -1.0976 | -0.027 | 42.7479
41.2155 | 6.4762 | -1.0982 | -0.028 | 42.9984
41.4707 | 6.5163 | -1.0992 | -0.028 | 43.2495
41.7259 | 6.5564 | -1.1008 | -0.028 | 43.5012
41.9811 | 6.5965 | -1.1023 | -0.028 | 43.7527
42.2363 | 6.6366 | -1.1039 | -0.028 | 44.0041
42.4915 | 6.6767 | -1.1055 | -0.028 | 44.2554
42.7467 | 6.7168 | -1.1073 | -0.029 | 44.5068
43.0020 | 6.7569 | -1.1096 | -0.029 | 44.7588
43.2572 | 6.7970 | -1.1121 | -0.029 | 45.0109
43.5124 | 6.8371 | -1.1145 | -0.029 | 45.2627
43.7676 | 6.8772 | -1.1169 | -0.029 | 45.5143
44.0228 | 6.9173 | -1.1194 | -0.029 | 45.7659
44.2780 | 6.9574 | -1.1223 | -0.029 | 46.0179
44.5332 | 6.9975 | -1.1253 | -0.029 | 46.2700
44.7884 | 7.0376 | -1.1284 | -0.029 | 46.5220
45.0436 | 7.0777 | -1.1315 | -0.029 | 46.7738
45.2988 | 7.1178 | -1.1345 | -0.029 | 47.0254
45.5540 | 7.1579 | -1.1377 | -0.029 | 47.2771
45.8092 | 7.1980 | -1.1411 | -0.029 | 47.5289
46.0644 | 7.2381 | -1.1446 | -0.029 | 47.7807
46.3196 | 7.2782 | -1.1482 | -0.029 | 48.0325
46.5748 | 7.3183 | -1.1516 | -0.028 | 48.2839
46.8300 | 7.3584 | -1.1551 | -0.028 | 48.5352
47.0852 | 7.3985 | -1.1588 | -0.028 | 48.7866
47.3404 | 7.4386 | -1.1625 | -0.028 | 49.0379
47.5956 | 7.4787 | -1.1663 | -0.028 | 49.2892
47.8508 | 7.5188 | -1.1702 | -0.027 | 49.5404
48.1060 | 7.5589 | -1.1739 | -0.027 | 49.7912
48.3612 | 7.5990 | -1.1776 | -0.027 | 50.0420
48.6164 | 7.6391 | -1.1815 | -0.027 | 50.2927
48.8717 | 7.6792 | -1.1855 | -0.026 | 50.5434
49.1269 | 7.7193 | -1.1895 | -0.026 | 50.7941
49.3821 | 7.7594 | -1.1937 | -0.025 | 51.0448
49.6373 | 7.7995 | -1.1973 | -0.025 | 51.2947
49.8925 | 7.8396 | -1.2008 | -0.025 | 51.5444
50.1477 | 7.8797 | -1.2044 | -0.025 | 51.7941
50.4029 | 7.9198 | -1.2080 | -0.025 | 52.0437
50.6581 | 7.9599 | -1.2118 | -0.025 | 52.2932
50.9133 | 8.0000 | -1.2155 | -0.025 | 52.5427
